0.5970384478569031,0.7442177534103394,4.82688847114332e-07,0.5767533779144287,0.6688528060913086,-0.010595566593110561,0.5411907434463501,0.5791153311729431,-0.026509417220950127,0.5270413756370544,0.5086996555328369,-0.03894424065947533,0.5306209921836853,0.448269784450531,-0.05455376207828522,0.5423614382743835,0.6033670902252197,-0.07587026059627533,0.5027403235435486,0.5458004474639893,-0.11046542227268219,0.4939503073692322,0.5067793130874634,-0.12963911890983582,0.4963376522064209,0.4654029905796051,-0.14286305010318756,0.5381925106048584,0.6446439027786255,-0.08803848177194595,0.49343743920326233,0.6028172373771667,-0.12496409565210342,0.4787377119064331,0.5680584907531738,-0.1427524834871292,0.4761914014816284,0.537908673286438,-0.15670382976531982,0.5355367660522461,0.6983322501182556,-0.09749238938093185,0.48949816823005676,0.7007421851158142,-0.13469576835632324,0.46893349289894104,0.6963557004928589,-0.1500682383775711,0.45790359377861023,0.6930572390556335,-0.16120028495788574,0.532175600528717,0.7564288377761841,-0.10555391758680344,0.49329444766044617,0.8015857934951782,-0.139436736702919,0.47540661692619324,0.8326483964920044,-0.15286043286323547,0.4633382558822632,0.85230553150177,-0.16247081756591797,Right
0.6007236242294312,0.7509176135063171,4.907634547635098e-07,0.5777032971382141,0.6741330027580261,-0.010083465836942196,0.5411263704299927,0.5831512212753296,-0.028080111369490623,0.5246957540512085,0.5118807554244995,-0.04269198700785637,0.524034857749939,0.4476012885570526,-0.060446497052907944,0.5441704988479614,0.6083139777183533,-0.08225946873426437,0.5060926675796509,0.5460386276245117,-0.1191389188170433,0.4976136386394501,0.5036822557449341,-0.13873432576656342,0.5007898211479187,0.4583006501197815,-0.15195897221565247,0.5399314165115356,0.6504569053649902,-0.09508521854877472,0.49776744842529297,0.6078603863716125,-0.1360645890235901,0.48242244124412537,0.5697720050811768,-0.15448638796806335,0.4802781045436859,0.5356148481369019,-0.16876983642578125,0.5375516414642334,0.7057337760925293,-0.10496780276298523,0.49561262130737305,0.7057327628135681,-0.14477242529392242,0.47297346591949463,0.6965786814689636,-0.16035857796669006,0.4611216187477112,0.6873985528945923,-0.17169520258903503,0.5350377559661865,0.7654473185539246,-0.11312388628721237,0.49466371536254883,0.8062145709991455,-0.14870883524417877,0.4763350486755371,0.8377313017845154,-0.1624445766210556,0.4634743928909302,0.8586636781692505,-0.17242431640625,Right
0.6010722517967224,0.7512916326522827,5.079199922874977e-07,0.5771064758300781,0.6743572950363159,-0.008381277322769165,0.5404125452041626,0.5830507874488831,-0.025762051343917847,0.5231229066848755,0.5108268857002258,-0.040340397506952286,0.5232833623886108,0.44720759987831116,-0.05818610638380051,0.5459527969360352,0.6084997653961182,-0.07899746298789978,0.5070286393165588,0.5412240028381348,-0.1153632402420044,0.49886375665664673,0.49487942457199097,-0.13492576777935028,0.5039693117141724,0.44828054308891296,-0.14771802723407745,0.5408056378364563,0.6508756279945374,-0.09208716452121735,0.49399012327194214,0.6036060452461243,-0.13090236485004425,0.4781967103481293,0.5646058917045593,-0.14748889207839966,0.47765737771987915,0.5324885249137878,-0.16011929512023926,0.5371088981628418,0.7054035663604736,-0.10231108218431473,0.4914053678512573,0.7018448710441589,-0.13944746553897858,0.47026053071022034,0.6948629021644592,-0.1534457951784134,0.46003925800323486,0.6904634833335876,-0.16369977593421936,0.5334751605987549,0.7632449269294739,-0.11088905483484268,0.494117796421051,0.8037123680114746,-0.1443355530500412,0.4751985967159271,0.8357135057449341,-0.15744303166866302,0.46159201860427856,0.8580238223075867,-0.1668991595506668,Right
0.6006540060043335,0.7523033618927002,4.997614837520814e-07,0.575933039188385,0.6734158396720886,-0.008935792371630669,0.5393038988113403,0.5824099183082581,-0.02681562304496765,0.5222761631011963,0.5117158889770508,-0.041999366134405136,0.5236607193946838,0.4484827518463135,-0.060100771486759186,0.5453665852546692,0.609072208404541,-0.07989133894443512,0.5064116716384888,0.5409267544746399,-0.11706405133008957,0.49769943952560425,0.4955803453922272,-0.13686786592006683,0.5022672414779663,0.44893205165863037,-0.14990396797657013,0.5406392216682434,0.6519201397895813,-0.0929969921708107,0.49506592750549316,0.6045515537261963,-0.1338432878255844,0.4790559411048889,0.5670826435089111,-0.15143704414367676,0.47765034437179565,0.5352891087532043,-0.16448697447776794,0.5372955799102783,0.7060475945472717,-0.10314414650201797,0.4924173951148987,0.7035636305809021,-0.14144468307495117,0.47064805030822754,0.6967340707778931,-0.15554454922676086,0.4597553610801697,0.6913048028945923,-0.16560350358486176,0.5337406992912292,0.763753354549408,-0.1117825135588646,0.4943825900554657,0.8031445741653442,-0.14523638784885406,0.47511911392211914,0.8337970972061157,-0.15816250443458557,0.46102264523506165,0.8547484874725342,-0.16747628152370453,Right
0.6019855737686157,0.7532037496566772,4.86519866171875e-07,0.5766226053237915,0.6747272610664368,-0.009261121973395348,0.5393200516700745,0.5834447145462036,-0.026504183188080788,0.5218693017959595,0.5126543641090393,-0.04110650345683098,0.5223694443702698,0.4499642848968506,-0.05868344008922577,0.5451655387878418,0.6081569194793701,-0.0790456160902977,0.5064587593078613,0.5434767603874207,-0.11631015688180923,0.4980514943599701,0.4981241822242737,-0.13691437244415283,0.5018137097358704,0.450925350189209,-0.1506388932466507,0.5400728583335876,0.6512663960456848,-0.09197627007961273,0.4953598082065582,0.6079163551330566,-0.132703959941864,0.4795779287815094,0.5700758099555969,-0.15115030109882355,0.47701340913772583,0.5372524261474609,-0.16524507105350494,0.5367754697799683,0.7058101892471313,-0.10205987840890884,0.49379342794418335,0.7048413753509521,-0.14028963446617126,0.47167325019836426,0.6977542638778687,-0.15473365783691406,0.45946651697158813,0.6917844414710999,-0.1652301698923111,0.5333384871482849,0.7644686698913574,-0.11073161661624908,0.49345865845680237,0.8013924956321716,-0.14410187304019928,0.4742709696292877,0.8320831656455994,-0.15693171322345734,0.45957839488983154,0.8538956642150879,-0.16636785864830017,Right
0.6013820171356201,0.7512681484222412,4.7551810666845995e-07,0.5754019021987915,0.6718802452087402,-0.009291209280490875,0.5380818843841553,0.5802165865898132,-0.027255792170763016,0.5209308862686157,0.5079392790794373,-0.0423041395843029,0.5228489637374878,0.44429343938827515,-0.06051676720380783,0.5442758798599243,0.6084186434745789,-0.08096673339605331,0.5047545433044434,0.5465172529220581,-0.11790530383586884,0.4955447316169739,0.5043596029281616,-0.13789419829845428,0.49852871894836426,0.46038341522216797,-0.15122823417186737,0.5399053692817688,0.652457594871521,-0.0937151238322258,0.49550196528434753,0.6068249940872192,-0.13361622393131256,0.4793717563152313,0.5684463977813721,-0.15103264153003693,0.4765847623348236,0.5362781286239624,-0.16459955275058746,0.5368893146514893,0.7070508003234863,-0.1034511923789978,0.4923085868358612,0.7034321427345276,-0.14145950973033905,0.4708414673805237,0.6970365047454834,-0.15544970333576202,0.45931771397590637,0.6925554871559143,-0.1657141000032425,0.5337201356887817,0.7651672959327698,-0.11163065582513809,0.4941798448562622,0.8028990030288696,-0.1452743411064148,0.47514623403549194,0.8345744013786316,-0.15819895267486572,0.4608944356441498,0.8568543791770935,-0.167683944106102,Right
0.6020611524581909,0.7544987797737122,4.855943984694022e-07,0.5762196183204651,0.6766674518585205,-0.009301193989813328,0.5394779443740845,0.5864167809486389,-0.026764145120978355,0.5217325687408447,0.5145229697227478,-0.0415964350104332,0.5234313607215881,0.4511864185333252,-0.059557005763053894,0.5468051433563232,0.6081269979476929,-0.07791927456855774,0.5083144307136536,0.5394375324249268,-0.11445262283086777,0.49961698055267334,0.49149686098098755,-0.13525669276714325,0.5038540363311768,0.4430174231529236,-0.14915604889392853,0.5422011017799377,0.6507561802864075,-0.09008622169494629,0.4965265393257141,0.6068770289421082,-0.1281694769859314,0.4806966781616211,0.5687677264213562,-0.14489030838012695,0.4791252613067627,0.5370115041732788,-0.15816473960876465,0.5387018322944641,0.704983651638031,-0.09955695271492004,0.49408042430877686,0.7017460465431213,-0.13458184897899628,0.4711073040962219,0.6951800584793091,-0.14770819246768951,0.4593934416770935,0.6922421455383301,-0.1579851657152176,0.5350365042686462,0.7633206844329834,-0.10785388201475143,0.4955628514289856,0.8003698587417603,-0.13929404318332672,0.4750680923461914,0.83113694190979,-0.15187257528305054,0.460040420293808,0.854467511177063,-0.16136325895786285,Right
0.6017172932624817,0.7528238296508789,4.4900977513862017e-07,0.5756551027297974,0.6742136478424072,-0.009719300083816051,0.5387014150619507,0.5828189253807068,-0.026982560753822327,0.5210233926773071,0.5113389492034912,-0.04149918630719185,0.5229671001434326,0.4485493004322052,-0.0590147040784359,0.5442816615104675,0.6096481680870056,-0.07877729833126068,0.5037452578544617,0.5490589141845703,-0.1155429556965828,0.4940418601036072,0.5077372193336487,-0.13581907749176025,0.4963279068470001,0.4648003578186035,-0.1494612842798233,0.5391536951065063,0.6526185870170593,-0.09141267091035843,0.4956209063529968,0.6075000166893005,-0.13092361390590668,0.4798141121864319,0.5694481134414673,-0.14888764917850494,0.4766191244125366,0.5376136302947998,-0.1629789024591446,0.5359399318695068,0.7065081596374512,-0.1012449786067009,0.4934610426425934,0.7021511197090149,-0.13864150643348694,0.4721955358982086,0.6956721544265747,-0.15280628204345703,0.46027517318725586,0.6911002397537231,-0.16336289048194885,0.532110869884491,0.7652023434638977,-0.10977128893136978,0.4928937256336212,0.8015756607055664,-0.14286455512046814,0.4733969569206238,0.8326185345649719,-0.15591824054718018,0.4585888385772705,0.8544796109199524,-0.16563914716243744,Right
0.6021652221679688,0.7532005310058594,4.829080921808782e-07,0.5770748257637024,0.6751279830932617,-0.009326163679361343,0.5398318767547607,0.5836868286132812,-0.026496855542063713,0.5218880772590637,0.510866105556488,-0.0410613939166069,0.5209702849388123,0.44711965322494507,-0.05879553407430649,0.5435076355934143,0.6071556806564331,-0.0778021365404129,0.505770206451416,0.5431445240974426,-0.11500468850135803,0.49757838249206543,0.4987354874610901,-0.13566283881664276,0.5018162131309509,0.4521239995956421,-0.14940834045410156,0.538991391658783,0.6490631103515625,-0.09061703085899353,0.4934234917163849,0.6046057343482971,-0.13035500049591064,0.47875455021858215,0.5671096444129944,-0.14803123474121094,0.47814682126045227,0.5359809994697571,-0.16155683994293213,0.5368387699127197,0.7037490606307983,-0.10079125314950943,0.4914799928665161,0.703086793422699,-0.13760516047477722,0.4698593020439148,0.6974966526031494,-0.1515021175146103,0.45880597829818726,0.6941519975662231,-0.1618501842021942,0.5352849960327148,0.762183427810669,-0.10964631289243698,0.49572789669036865,0.8014925122261047,-0.14215092360973358,0.47581160068511963,0.8311378955841064,-0.15524661540985107,0.4602425992488861,0.8520880937576294,-0.16499611735343933,Right
0.6016319990158081,0.7528801560401917,4.998020131097292e-07,0.5749974846839905,0.6739310026168823,-0.00913434661924839,0.5374684929847717,0.582253098487854,-0.02618122287094593,0.5203991532325745,0.5109010934829712,-0.040511567145586014,0.5222647786140442,0.4480844736099243,-0.057916853576898575,0.5436300039291382,0.6070449948310852,-0.07891824841499329,0.5058041214942932,0.5393788814544678,-0.11562379449605942,0.4975079596042633,0.4938540458679199,-0.1359160989522934,0.5012372732162476,0.44712889194488525,-0.1495475322008133,0.5394695997238159,0.6495412588119507,-0.09155914187431335,0.4969114065170288,0.6039621233940125,-0.13153107464313507,0.48114216327667236,0.5666292905807495,-0.14994971454143524,0.4777824282646179,0.5344752073287964,-0.1642330437898636,0.5363685488700867,0.703876793384552,-0.10124513506889343,0.49395090341567993,0.7030814290046692,-0.1386280506849289,0.47238868474960327,0.6964710354804993,-0.153470978140831,0.4604308307170868,0.6915791630744934,-0.1645360141992569,0.5324971079826355,0.7631013989448547,-0.10948818922042847,0.4940544664859772,0.802156388759613,-0.1423359364271164,0.4751025140285492,0.833109974861145,-0.15573103725910187,0.46051275730133057,0.8547523021697998,-0.1657409965991974,Right
0.600774884223938,0.7507933378219604,4.7601449182366196e-07,0.575888454914093,0.6740325093269348,-0.010791788809001446,0.5381069779396057,0.5815775394439697,-0.028246300294995308,0.5201953649520874,0.5071809887886047,-0.04268738254904747,0.5206605195999146,0.4421105980873108,-0.060473695397377014,0.5434629917144775,0.6043135523796082,-0.08016777783632278,0.5045745372772217,0.540009617805481,-0.11724592000246048,0.4962764084339142,0.4958215355873108,-0.1377117782831192,0.5007341504096985,0.4502769708633423,-0.15152955055236816,0.5378420352935791,0.6481496095657349,-0.09235813468694687,0.4925439655780792,0.6019605994224548,-0.13232173025608063,0.4784894287586212,0.5645885467529297,-0.15005922317504883,0.47856882214546204,0.5341299772262573,-0.1637653410434723,0.5348430871963501,0.7038103342056274,-0.10198450088500977,0.4902735948562622,0.7001674771308899,-0.13968780636787415,0.46941104531288147,0.693917989730835,-0.15471842885017395,0.4591941833496094,0.6906368136405945,-0.165923073887825,0.5324037671089172,0.7632424831390381,-0.11028634756803513,0.4938742220401764,0.8017807602882385,-0.1442267894744873,0.47487014532089233,0.8330821990966797,-0.15869107842445374,0.46064233779907227,0.8555090427398682,-0.169517382979393,Right
0.6036099791526794,0.749963641166687,4.722325002148864e-07,0.5773377418518066,0.6741613149642944,-0.011135718785226345,0.5387960076332092,0.5817452073097229,-0.028335679322481155,0.5211602449417114,0.5080889463424683,-0.04252691566944122,0.5201810002326965,0.44393500685691833,-0.059960704296827316,0.5439961552619934,0.6034380793571472,-0.07987682521343231,0.5033857822418213,0.5429828763008118,-0.11763506382703781,0.4947277307510376,0.4996129274368286,-0.13891194760799408,0.49845415353775024,0.4541531801223755,-0.15328259766101837,0.5393978357315063,0.6462965607643127,-0.09240216761827469,0.4934523105621338,0.6031061410903931,-0.1332715004682541,0.48002612590789795,0.5649002194404602,-0.15190978348255157,0.4803319573402405,0.5332199335098267,-0.16614457964897156,0.5372530817985535,0.7014927268028259,-0.10248120129108429,0.4934113025665283,0.7020996809005737,-0.14097154140472412,0.471421480178833,0.6943959593772888,-0.1561221480369568,0.4596215784549713,0.6886351704597473,-0.16726933419704437,0.5348813533782959,0.7613039016723633,-0.1113441064953804,0.4943826198577881,0.7998539209365845,-0.14544391632080078,0.4751683473587036,0.831180989742279,-0.1591188907623291,0.4606882929801941,0.8533374071121216,-0.1693425178527832,Right
0.6016543507575989,0.7515325546264648,5.080660230305512e-07,0.5757306814193726,0.6737496256828308,-0.009763751178979874,0.5381026268005371,0.581664502620697,-0.02778993360698223,0.5200225710868835,0.5081612467765808,-0.04291918873786926,0.5193392634391785,0.4438638687133789,-0.061273615807294846,0.5440964102745056,0.6042450070381165,-0.08229894191026688,0.5059160590171814,0.5370043516159058,-0.12059826403856277,0.49829304218292236,0.49015939235687256,-0.1418950855731964,0.5028298497200012,0.44186627864837646,-0.15620429813861847,0.5397751331329346,0.6469107270240784,-0.09532555937767029,0.49392110109329224,0.6009373068809509,-0.13620637357234955,0.4793829917907715,0.562322199344635,-0.15419772267341614,0.47864511609077454,0.5306400060653687,-0.16819576919078827,0.53741055727005,0.7021478414535522,-0.10546654462814331,0.492619127035141,0.7001882791519165,-0.1434132158756256,0.4713693857192993,0.6933751702308655,-0.15735772252082825,0.460681676864624,0.6895366311073303,-0.16789571940898895,0.5351240634918213,0.7616052627563477,-0.11423727869987488,0.4950621724128723,0.7994014620780945,-0.1479131430387497,0.47519367933273315,0.8300405740737915,-0.16108763217926025,0.4600736200809479,0.8523952960968018,-0.1709953397512436,Right
0.6008749604225159,0.7529585361480713,5.187681608731509e-07,0.5756872296333313,0.673706591129303,-0.010176308453083038,0.5390084981918335,0.5831717252731323,-0.028917929157614708,0.5217686295509338,0.5114628076553345,-0.044577740132808685,0.5234830975532532,0.4487651288509369,-0.06311821937561035,0.5454411506652832,0.6063982844352722,-0.0837322548031807,0.5069937705993652,0.5357233285903931,-0.12245478481054306,0.49941274523735046,0.4864523708820343,-0.1440100073814392,0.5043036937713623,0.43702036142349243,-0.15834148228168488,0.5405896306037903,0.6490283012390137,-0.09623799473047256,0.49628746509552,0.6027822494506836,-0.13809733092784882,0.4813772737979889,0.5642054080963135,-0.1562049686908722,0.4797920286655426,0.5321312546730042,-0.16991877555847168,0.5370303988456726,0.7028449773788452,-0.10565657168626785,0.493171364068985,0.7013611793518066,-0.14352524280548096,0.4708520770072937,0.6938396692276001,-0.15695820748806,0.4590930640697479,0.6887624859809875,-0.1670541763305664,0.5333031415939331,0.7610172033309937,-0.11384289711713791,0.4937773048877716,0.799849271774292,-0.146751269698143,0.47379225492477417,0.8310434222221375,-0.15918150544166565,0.4585292935371399,0.8532290458679199,-0.1684344857931137,Right
0.601178765296936,0.7480550408363342,4.4666921894531697e-07,0.5762194395065308,0.6692435145378113,-0.009957046248018742,0.5387490391731262,0.5772260427474976,-0.026595087721943855,0.5216825008392334,0.505845844745636,-0.040547676384449005,0.5221952795982361,0.44368860125541687,-0.05754922330379486,0.541954517364502,0.604174017906189,-0.07787082344293594,0.5028972029685974,0.5460359454154968,-0.11409761011600494,0.4931960999965668,0.5075281262397766,-0.1334032416343689,0.4952446520328522,0.46584534645080566,-0.14648094773292542,0.5362293124198914,0.6472126841545105,-0.09030559659004211,0.4929952025413513,0.6041430830955505,-0.12997625768184662,0.47839194536209106,0.5671725869178772,-0.1479610800743103,0.4764222502708435,0.5350397825241089,-0.1619367003440857,0.5331956148147583,0.7018432021141052,-0.10002439469099045,0.4908907413482666,0.7014344930648804,-0.13759279251098633,0.4702315032482147,0.6956061720848083,-0.15214404463768005,0.45887893438339233,0.6902937889099121,-0.16290855407714844,0.5300036668777466,0.760844349861145,-0.108429454267025,0.4921383559703827,0.799442708492279,-0.14140403270721436,0.47364673018455505,0.8293673992156982,-0.1549191176891327,0.45888271927833557,0.8497732281684875,-0.16510261595249176,Right
0.5992225408554077,0.7519594430923462,5.504400633071782e-07,0.5766346454620361,0.6724826097488403,-0.008013972081243992,0.5401301383972168,0.583930492401123,-0.025726044550538063,0.5224449634552002,0.5131704211235046,-0.04078855738043785,0.5228408575057983,0.45037633180618286,-0.059141576290130615,0.5426136255264282,0.6023052334785461,-0.07993684709072113,0.5068085193634033,0.5276667475700378,-0.11703085154294968,0.4991210103034973,0.4771077334880829,-0.13762213289737701,0.5043882727622986,0.4263714551925659,-0.15158875286579132,0.5382130146026611,0.644136369228363,-0.09330444782972336,0.49238353967666626,0.5991555452346802,-0.13358275592327118,0.4790514409542084,0.559801459312439,-0.15154726803302765,0.47969871759414673,0.5267050266265869,-0.16528843343257904,0.5362450480461121,0.6997968554496765,-0.10355808585882187,0.4914814829826355,0.699675977230072,-0.1407705396413803,0.4711569845676422,0.6931871175765991,-0.1551102101802826,0.46119657158851624,0.6902943253517151,-0.16586507856845856,0.535625696182251,0.7593693137168884,-0.11221936345100403,0.4970904588699341,0.798417866230011,-0.14542201161384583,0.4775155782699585,0.8295934200286865,-0.15861280262470245,0.46202388405799866,0.8532833456993103,-0.1684078425168991,Right
0.5999147295951843,0.7484256029129028,4.9709899485606e-07,0.5755131244659424,0.6703452467918396,-0.00985730905085802,0.5388302803039551,0.5779519081115723,-0.027416905388236046,0.5215040445327759,0.5078451037406921,-0.04192480817437172,0.5237333178520203,0.44617408514022827,-0.05919911712408066,0.546612024307251,0.6087228655815125,-0.08022186160087585,0.5084420442581177,0.5392822027206421,-0.11678850650787354,0.4997709095478058,0.49344873428344727,-0.1364981085062027,0.503233790397644,0.44676023721694946,-0.14983977377414703,0.541710376739502,0.6501266360282898,-0.09254056215286255,0.49641701579093933,0.6021936535835266,-0.1328291893005371,0.48032283782958984,0.5645418167114258,-0.15031425654888153,0.47713297605514526,0.531923234462738,-0.16353780031204224,0.5377572178840637,0.70255446434021,-0.1018238216638565,0.4906198978424072,0.7002237439155579,-0.13955365121364594,0.4704214334487915,0.6946555972099304,-0.15247663855552673,0.46023690700531006,0.6894407272338867,-0.16186504065990448,0.5334140062332153,0.7591203451156616,-0.10977625846862793,0.49392348527908325,0.7997277975082397,-0.14299751818180084,0.47641485929489136,0.8318592309951782,-0.1552068293094635,0.4636945426464081,0.853038489818573,-0.16410726308822632,Right
0.6023786664009094,0.7489426136016846,5.18574950092443e-07,0.5776989459991455,0.6714797019958496,-0.01090467069298029,0.5402948260307312,0.5799524784088135,-0.028185777366161346,0.5234132409095764,0.5086137652397156,-0.04247446730732918,0.5233126878738403,0.446450412273407,-0.05950981006026268,0.5448780059814453,0.604936420917511,-0.08026179671287537,0.5082242488861084,0.535089373588562,-0.11761289089918137,0.5000702738761902,0.4868629574775696,-0.1378094106912613,0.5046085715293884,0.43737170100212097,-0.1511305868625641,0.5394889116287231,0.6476271152496338,-0.09217483550310135,0.4957871437072754,0.6034408211708069,-0.1329219788312912,0.48132944107055664,0.5647193789482117,-0.15061604976654053,0.48115187883377075,0.5310722589492798,-0.16388919949531555,0.5365391373634338,0.7015380263328552,-0.10139528661966324,0.4942108988761902,0.7012037038803101,-0.1390276700258255,0.4720565676689148,0.6939519047737122,-0.15275993943214417,0.4609944522380829,0.6878131031990051,-0.1627667397260666,0.5338902473449707,0.7597736120223999,-0.10950307548046112,0.49549591541290283,0.7989040017127991,-0.14234155416488647,0.4770815670490265,0.8299224972724915,-0.1548938900232315,0.46373897790908813,0.8514699935913086,-0.16406551003456116,Right
0.6031497120857239,0.7491008639335632,4.859552973357495e-07,0.5785373449325562,0.6729289293289185,-0.011213347315788269,0.5407127141952515,0.5806360244750977,-0.027701057493686676,0.5227302312850952,0.5071349143981934,-0.040936268866062164,0.5218141674995422,0.44380468130111694,-0.05725745111703873,0.546129584312439,0.6048891544342041,-0.07842046022415161,0.509871244430542,0.5390986800193787,-0.11431257426738739,0.5014395713806152,0.49425750970840454,-0.13392800092697144,0.5049352645874023,0.4473673701286316,-0.14712326228618622,0.5416695475578308,0.6465861797332764,-0.08975467085838318,0.495714008808136,0.6011151671409607,-0.12759524583816528,0.481530100107193,0.563199520111084,-0.1445426046848297,0.4809310734272003,0.5309785604476929,-0.15787920355796814,0.5393853783607483,0.7011324763298035,-0.09860921651124954,0.49518513679504395,0.70001620054245,-0.13445934653282166,0.47373902797698975,0.6934831142425537,-0.1486675888299942,0.4626130759716034,0.6900072693824768,-0.1594286412000656,0.536807119846344,0.759703516960144,-0.1062689796090126,0.49762648344039917,0.7985519170761108,-0.1381344497203827,0.47771933674812317,0.8289884328842163,-0.15144522488117218,0.4624667763710022,0.851057767868042,-0.16162706911563873,Right
0.6054412126541138,0.7477205991744995,4.954276846547145e-07,0.5796892642974854,0.6723001599311829,-0.0113536287099123,0.5415372252464294,0.5819228887557983,-0.028365006670355797,0.5244296789169312,0.5098973512649536,-0.042454760521650314,0.5241578817367554,0.4464486241340637,-0.05959267541766167,0.5447280406951904,0.6021339297294617,-0.07937753945589066,0.509090781211853,0.5344575047492981,-0.11715125292539597,0.5012084245681763,0.4876279830932617,-0.13888658583164215,0.5054812431335449,0.43890106678009033,-0.1537555456161499,0.5398893356323242,0.6439014673233032,-0.09124889969825745,0.4979722201824188,0.6029969453811646,-0.1315697878599167,0.4840434789657593,0.5657477974891663,-0.15009081363677979,0.4835735559463501,0.5326973795890808,-0.16468694806098938,0.5380297303199768,0.6987511515617371,-0.10069993138313293,0.49649885296821594,0.6998986005783081,-0.13813336193561554,0.4743306040763855,0.693012535572052,-0.15291069447994232,0.4628124535083771,0.6878397464752197,-0.16424943506717682,0.5368992686271667,0.7586345672607422,-0.10910847783088684,0.49775323271751404,0.7984361052513123,-0.1430741548538208,0.47780877351760864,0.8296154737472534,-0.15725618600845337,0.4628279209136963,0.8517986536026001,-0.16785378754138947,Right
0.6025259494781494,0.7460874915122986,5.223798780207289e-07,0.5792412161827087,0.6676174998283386,-0.011224634014070034,0.5427367091178894,0.5764361619949341,-0.028548860922455788,0.5256379842758179,0.503572940826416,-0.042825598269701004,0.5237389802932739,0.4408895969390869,-0.060462940484285355,0.5445349216461182,0.5991290807723999,-0.08033380657434464,0.5087867975234985,0.5334776639938354,-0.11797729134559631,0.5018962621688843,0.48620522022247314,-0.13952143490314484,0.5065354108810425,0.4373396635055542,-0.15403681993484497,0.5400896668434143,0.6428527235984802,-0.09241507202386856,0.49682435393333435,0.6006633043289185,-0.13241446018218994,0.4834350049495697,0.562535285949707,-0.1511414498090744,0.48218828439712524,0.5301273465156555,-0.16573160886764526,0.5388709306716919,0.6988220810890198,-0.10189546644687653,0.49796411395072937,0.6995047330856323,-0.13953104615211487,0.4763815701007843,0.6932108998298645,-0.154561385512352,0.46384018659591675,0.6898638606071472,-0.16579259932041168,0.5386998057365417,0.7583755254745483,-0.11012416332960129,0.5002676844596863,0.7957032322883606,-0.14300377666950226,0.48068979382514954,0.8260596990585327,-0.15593935549259186,0.46497514843940735,0.8486732244491577,-0.1657778024673462,Right
0.6052219271659851,0.7497045993804932,4.81220297388063e-07,0.580869197845459,0.6718156337738037,-0.009317277930676937,0.544389545917511,0.5796016454696655,-0.026533717289566994,0.5284830927848816,0.5072844624519348,-0.04066156968474388,0.5289157629013062,0.44367513060569763,-0.05798736959695816,0.5483289957046509,0.6049219965934753,-0.07973509281873703,0.5099237561225891,0.539466142654419,-0.11543533205986023,0.5011617541313171,0.49558883905410767,-0.1349068582057953,0.504320502281189,0.45015931129455566,-0.14817014336585999,0.5446732044219971,0.6464804410934448,-0.09231656044721603,0.5015485882759094,0.6010459661483765,-0.13059020042419434,0.4873528480529785,0.5622411966323853,-0.14759396016597748,0.4865260720252991,0.5293369889259338,-0.16114573180675507,0.5422429442405701,0.7005399465560913,-0.10203517228364944,0.49824225902557373,0.6995794773101807,-0.13833563029766083,0.4761901795864105,0.6903042793273926,-0.1528863161802292,0.46483421325683594,0.682961642742157,-0.16418978571891785,0.5396009087562561,0.7595015168190002,-0.11026400327682495,0.4990572929382324,0.7993414998054504,-0.14291951060295105,0.479991614818573,0.8317210674285889,-0.15596722066402435,0.4666990339756012,0.8543840646743774,-0.16597042977809906,Right
0.6064372062683105,0.7485969066619873,5.158958060746954e-07,0.5816104412078857,0.6717578172683716,-0.011094358749687672,0.5444587469100952,0.5801505446434021,-0.02768961898982525,0.5280294418334961,0.5082988739013672,-0.04115588590502739,0.5274759531021118,0.4453994035720825,-0.057651400566101074,0.5474341511726379,0.6019160151481628,-0.07805321365594864,0.5148500800132751,0.5329468846321106,-0.11490156501531601,0.5080650448799133,0.48514047265052795,-0.13573209941387177,0.5127027034759521,0.43569594621658325,-0.14980998635292053,0.5422680377960205,0.6438256502151489,-0.08948275446891785,0.5000783801078796,0.6007057428359985,-0.12833485007286072,0.48778554797172546,0.5628942251205444,-0.1457396298646927,0.48803436756134033,0.5294485688209534,-0.15932884812355042,0.5401467680931091,0.6989014744758606,-0.09840002655982971,0.4982893466949463,0.700383722782135,-0.13418300449848175,0.47691428661346436,0.6932331919670105,-0.14752992987632751,0.46565356850624084,0.6869528293609619,-0.15783874690532684,0.5388603210449219,0.7586491107940674,-0.10632219910621643,0.49978750944137573,0.7988815307617188,-0.1379566788673401,0.4812890291213989,0.8290714025497437,-0.15023663640022278,0.46769753098487854,0.8498367667198181,-0.1595647782087326,Right
0.606647789478302,0.7495287656784058,5.392108164414822e-07,0.5829691886901855,0.6717637777328491,-0.012441392056643963,0.5461856722831726,0.5805912017822266,-0.028825389221310616,0.529504656791687,0.5080191493034363,-0.04191131517291069,0.5281042456626892,0.44569656252861023,-0.05782753974199295,0.5484327673912048,0.6043362021446228,-0.07778986543416977,0.5174618363380432,0.5326473712921143,-0.11440065503120422,0.5102842450141907,0.4819355607032776,-0.13503697514533997,0.5144463777542114,0.4297521114349365,-0.14894133806228638,0.5435190200805664,0.6463032364845276,-0.08866419643163681,0.5024399757385254,0.6023406386375427,-0.12696504592895508,0.4897972345352173,0.562817394733429,-0.14406193792819977,0.4906975328922272,0.5286239981651306,-0.15757082402706146,0.5422938466072083,0.7004638314247131,-0.09740450978279114,0.5039127469062805,0.7013745903968811,-0.13307547569274902,0.48164433240890503,0.6926576495170593,-0.1467471718788147,0.4699537456035614,0.6859532594680786,-0.15733012557029724,0.541748046875,0.7590848803520203,-0.1053549200296402,0.5033214688301086,0.7981780171394348,-0.13655690848827362,0.4835864305496216,0.8297419548034668,-0.148780956864357,0.46918416023254395,0.8523318767547607,-0.15830260515213013,Right
0.6077207922935486,0.751847505569458,5.179436470825749e-07,0.5839121341705322,0.6737539172172546,-0.01207071915268898,0.5464810729026794,0.5811542272567749,-0.02924410253763199,0.5297912359237671,0.5076754689216614,-0.04297017306089401,0.5290393233299255,0.4451042413711548,-0.05942844972014427,0.5539083480834961,0.6065537929534912,-0.07979457825422287,0.5221068263053894,0.5351728200912476,-0.1170441284775734,0.5154811143875122,0.48635944724082947,-0.13758936524391174,0.5201204419136047,0.4355948567390442,-0.15124307572841644,0.5492026209831238,0.6480305790901184,-0.0908912941813469,0.5063676834106445,0.6023905873298645,-0.130562886595726,0.49338048696517944,0.564594566822052,-0.14754033088684082,0.49403783679008484,0.5318524241447449,-0.16048066318035126,0.5468600392341614,0.7019622325897217,-0.09956702589988708,0.5050927996635437,0.7010607719421387,-0.1360645890235901,0.4841538071632385,0.6943318843841553,-0.14867256581783295,0.4742875099182129,0.6887375712394714,-0.15808448195457458,0.5446182489395142,0.7595920562744141,-0.10731715708971024,0.5065366625785828,0.796640932559967,-0.1385330706834793,0.4878019690513611,0.8280278444290161,-0.14987756311893463,0.4745723605155945,0.8503921031951904,-0.1585640162229538,Right
0.6106137633323669,0.7523387670516968,4.4217458139428345e-07,0.5857834815979004,0.6740215420722961,-0.013004940003156662,0.5490666627883911,0.5796131491661072,-0.03097808174788952,0.532492995262146,0.5041587948799133,-0.04554335027933121,0.5296766757965088,0.44150108098983765,-0.0632144883275032,0.5563438534736633,0.6057870984077454,-0.0846821591258049,0.5246831178665161,0.5419332385063171,-0.12348572164773941,0.5194739103317261,0.4987938702106476,-0.14542365074157715,0.5233820676803589,0.45313015580177307,-0.16023749113082886,0.5517740249633789,0.6487293243408203,-0.09599393606185913,0.511519193649292,0.6071853637695312,-0.13630230724811554,0.5018082857131958,0.5681909918785095,-0.15416333079338074,0.5036207437515259,0.5371416211128235,-0.1686447113752365,0.5497761964797974,0.7024461627006531,-0.1047317311167717,0.5074094533920288,0.7009377479553223,-0.14227703213691711,0.4873380959033966,0.6928463578224182,-0.15651407837867737,0.47731661796569824,0.6893600821495056,-0.16777664422988892,0.5485267043113708,0.7605283260345459,-0.11262486129999161,0.512783408164978,0.7964362502098083,-0.14594873785972595,0.494352251291275,0.8261008262634277,-0.15945270657539368,0.48151928186416626,0.8499056100845337,-0.1700596958398819,Right
0.607182502746582,0.7603379487991333,4.155620274559624e-07,0.5834937691688538,0.6801733374595642,-0.014668182469904423,0.5517818927764893,0.5880491137504578,-0.031174859032034874,0.5318134427070618,0.5180166363716125,-0.044696349650621414,0.5215552449226379,0.46183598041534424,-0.06115119531750679,0.5555974245071411,0.6041787266731262,-0.08280335366725922,0.5279979109764099,0.5406283736228943,-0.12134461104869843,0.5225188732147217,0.4969787001609802,-0.1435178518295288,0.5246033668518066,0.4522724151611328,-0.15834665298461914,0.5556638240814209,0.6470375061035156,-0.09420932829380035,0.5219696164131165,0.6088255047798157,-0.13566122949123383,0.511547327041626,0.5726408362388611,-0.15529052913188934,0.510064959526062,0.5442947745323181,-0.17058467864990234,0.5571733713150024,0.7014349102973938,-0.10342193394899368,0.5270392298698425,0.70325767993927,-0.14378872513771057,0.506974458694458,0.6963622570037842,-0.1600695550441742,0.49406668543815613,0.6959639191627502,-0.1714528501033783,0.5573188662528992,0.7622742652893066,-0.11185290664434433,0.5246841907501221,0.7973766326904297,-0.14517861604690552,0.5060103535652161,0.8255845308303833,-0.1574845165014267,0.4931851923465729,0.8511386513710022,-0.16688179969787598,Right
0.6150397062301636,0.7717716097831726,3.55985463329489e-07,0.5925167202949524,0.6939801573753357,-0.012487964704632759,0.5632768869400024,0.6069727540016174,-0.029741575941443443,0.5425212979316711,0.5415550470352173,-0.04421619698405266,0.5279651284217834,0.48771554231643677,-0.0633707046508789,0.5623897910118103,0.6138688325881958,-0.0892864540219307,0.5365270376205444,0.5547288060188293,-0.13000962138175964,0.5298363566398621,0.512039065361023,-0.15535397827625275,0.5301375985145569,0.4686075448989868,-0.17352698743343353,0.5635861158370972,0.6555867195129395,-0.1049426943063736,0.5332459807395935,0.6118573546409607,-0.14858877658843994,0.5228561162948608,0.5814170837402344,-0.17152175307273865,0.5186947584152222,0.5561758875846863,-0.1900808960199356,0.5660748481750488,0.7098692059516907,-0.1177767887711525,0.5364392995834351,0.7050338983535767,-0.1618788093328476,0.5172684788703918,0.7011761665344238,-0.18268528580665588,0.5044264197349548,0.704191267490387,-0.1980443000793457,0.5670772194862366,0.7722763419151306,-0.12914761900901794,0.5336707234382629,0.811672031879425,-0.16802290081977844,0.5127418637275696,0.8422631621360779,-0.18465949594974518,0.4985882043838501,0.8687173128128052,-0.19773565232753754,Right
0.6247475147247314,0.7718001008033752,4.528078250132239e-07,0.6037923097610474,0.7056944370269775,-0.01823214814066887,0.5781056880950928,0.6526739001274109,-0.048391081392765045,0.5619621276855469,0.626978874206543,-0.07470820844173431,0.5559970140457153,0.6256979703903198,-0.10686398297548294,0.5717195272445679,0.6369831562042236,-0.11176459491252899,0.5406218767166138,0.5999396443367004,-0.15994475781917572,0.5316930413246155,0.5748209953308105,-0.18987594544887543,0.5337331891059875,0.5454416275024414,-0.2105189561843872,0.5734133720397949,0.6648550629615784,-0.12622416019439697,0.5396054983139038,0.6202883124351501,-0.17696818709373474,0.5356440544128418,0.5865185260772705,-0.20592917501926422,0.5397063493728638,0.553335964679718,-0.22895054519176483,0.5743646025657654,0.7055444121360779,-0.13675326108932495,0.53590327501297,0.6908913850784302,-0.1817813366651535,0.5248962044715881,0.6704142093658447,-0.21276076138019562,0.5243015885353088,0.6502160429954529,-0.23720122873783112,0.5720746517181396,0.7571130990982056,-0.14547166228294373,0.5359223484992981,0.7976911067962646,-0.18353961408138275,0.5236666202545166,0.8175731897354126,-0.20653210580348969,0.5209795832633972,0.8307449817657471,-0.22624623775482178,Right
0.6113678216934204,0.8527990579605103,5.070906468063185e-07,0.5963668823242188,0.725878119468689,-0.011379142291843891,0.5783796310424805,0.6184698343276978,-0.028819793835282326,0.5620450377464294,0.542693018913269,-0.04678579792380333,0.5543878078460693,0.47902029752731323,-0.06758621335029602,0.5684739947319031,0.6389161944389343,-0.07857123017311096,0.5432079434394836,0.557448148727417,-0.12643025815486908,0.553565263748169,0.5018776655197144,-0.1582462340593338,0.5768117904663086,0.4559946656227112,-0.1803608536720276,0.573296844959259,0.6957983374595642,-0.09799491614103317,0.545431911945343,0.6292994022369385,-0.15075281262397766,0.5637465119361877,0.5889360308647156,-0.18047134578227997,0.5905516743659973,0.5614315867424011,-0.20185977220535278,0.5834231376647949,0.7642548680305481,-0.11521850526332855,0.5646502375602722,0.739598274230957,-0.16812190413475037,0.5768629312515259,0.721721887588501,-0.19237956404685974,0.5930511355400085,0.7071571946144104,-0.20796015858650208,0.594250500202179,0.8392945528030396,-0.1314578652381897,0.5972347259521484,0.8557355403900146,-0.18135696649551392,0.6175879836082458,0.8519768714904785,-0.2031930834054947,0.6365121603012085,0.8450101613998413,-0.21716178953647614,Right
0.5802406668663025,0.7879883646965027,5.656954158439476e-07,0.5723016858100891,0.6881627440452576,-0.012651587836444378,0.5669936537742615,0.5962551236152649,-0.031727418303489685,0.5582164525985718,0.5296010971069336,-0.05187077820301056,0.5621762871742249,0.47165459394454956,-0.07654237002134323,0.5563728213310242,0.6159005761146545,-0.07882463932037354,0.5645694732666016,0.5334568023681641,-0.12111400067806244,0.5794739723205566,0.48871690034866333,-0.14668983221054077,0.6042171716690063,0.45011085271835327,-0.16508269309997559,0.5550169348716736,0.6678028702735901,-0.09817924350500107,0.5691408514976501,0.6167714595794678,-0.14364609122276306,0.5923243761062622,0.5837662220001221,-0.16634297370910645,0.6213740110397339,0.5632556676864624,-0.1844605803489685,0.5588831305503845,0.7302968502044678,-0.11586727201938629,0.5746611952781677,0.7147623300552368,-0.16498589515686035,0.5981622338294983,0.7038690447807312,-0.18484961986541748,0.6225435733795166,0.6939233541488647,-0.19901403784751892,0.563915491104126,0.7972068786621094,-0.13290935754776,0.5839551687240601,0.8263241648674011,-0.18060724437236786,0.6054277420043945,0.8365783095359802,-0.19937406480312347,0.6264070868492126,0.8407174348831177,-0.21193017065525055,Right
0.5646965503692627,0.7781021595001221,4.738247696423059e-07,0.5590174198150635,0.6830409169197083,-0.008322516456246376,0.5638529658317566,0.5962648391723633,-0.023719796910881996,0.5662454962730408,0.5327393412590027,-0.040544260293245316,0.5756149888038635,0.4767796993255615,-0.06167559325695038,0.5578393936157227,0.6106675267219543,-0.06346660107374191,0.5667794942855835,0.5385022163391113,-0.09520280361175537,0.5745420455932617,0.5007494688034058,-0.11195434629917145,0.5903935432434082,0.46665847301483154,-0.1247347742319107,0.5591099858283997,0.6585160493850708,-0.08165741711854935,0.5971577167510986,0.6075608134269714,-0.11698303371667862,0.6254208087921143,0.5816659927368164,-0.13402295112609863,0.658328115940094,0.5613036751747131,-0.14797726273536682,0.5625253319740295,0.716626763343811,-0.09819146990776062,0.5988705158233643,0.7121158242225647,-0.14079749584197998,0.6293236613273621,0.7053531408309937,-0.15886051952838898,0.6624364256858826,0.6892144083976746,-0.17126627266407013,0.5636617541313171,0.7791935801506042,-0.11364453285932541,0.5834448337554932,0.8210686445236206,-0.15458820760250092,0.6067134141921997,0.8362385034561157,-0.1707848608493805,0.6345128417015076,0.8364753723144531,-0.18171466886997223,Right
0.5600809454917908,0.7906564474105835,5.970275083200249e-07,0.5332386493682861,0.6995251774787903,-0.004050661809742451,0.5455262064933777,0.6096782684326172,-0.013653240166604519,0.5539607405662537,0.543333888053894,-0.025187579914927483,0.5631309747695923,0.48512107133865356,-0.03930900618433952,0.5797895193099976,0.6160497665405273,-0.04705091193318367,0.6134658455848694,0.5317173600196838,-0.07087559998035431,0.6331210732460022,0.485188364982605,-0.08163090795278549,0.6556068658828735,0.4475013017654419,-0.09027718752622604,0.5885198712348938,0.6567537784576416,-0.06345508247613907,0.6376223564147949,0.6035743951797485,-0.08945406228303909,0.6677591800689697,0.5698627233505249,-0.10281693935394287,0.7002479434013367,0.5445970892906189,-0.11419583857059479,0.5885261297225952,0.7094776034355164,-0.07878389954566956,0.6352075338363647,0.7042741179466248,-0.11434025317430496,0.667880117893219,0.6963247656822205,-0.13531945645809174,0.7019549608230591,0.686241626739502,-0.15013891458511353,0.5792255401611328,0.7686561346054077,-0.09262454509735107,0.6144862174987793,0.8071980476379395,-0.13114872574806213,0.643760085105896,0.8277281522750854,-0.1502043753862381,0.6755837798118591,0.8394536972045898,-0.1628933995962143,Right
0.5475252270698547,0.7802557945251465,5.576292210207612e-07,0.5296040177345276,0.6989555358886719,-0.014476632699370384,0.5434434413909912,0.6141250729560852,-0.026493938639760017,0.5576179027557373,0.5469551086425781,-0.036339566111564636,0.5675321221351624,0.4836506247520447,-0.048335202038288116,0.5740245580673218,0.6185160875320435,-0.06273858994245529,0.6093572378158569,0.5363280773162842,-0.08821748942136765,0.6317901015281677,0.48898541927337646,-0.10108209401369095,0.6544541716575623,0.4492807984352112,-0.11153443902730942,0.5866647362709045,0.6586634516716003,-0.07338806241750717,0.6330722570419312,0.6059263348579407,-0.09662511199712753,0.6626294851303101,0.5701566338539124,-0.10952988266944885,0.6918562054634094,0.5425165295600891,-0.12185434252023697,0.587580680847168,0.7120563983917236,-0.08301428705453873,0.6378076672554016,0.7013100385665894,-0.11448002606630325,0.6747956871986389,0.6878724694252014,-0.13381251692771912,0.7102503180503845,0.6789531707763672,-0.14950168132781982,0.5782285928726196,0.7721607089042664,-0.09202902764081955,0.6139327883720398,0.8080604076385498,-0.130861297249794,0.6434327960014343,0.826145589351654,-0.14974847435951233,0.6728059649467468,0.8415886163711548,-0.1627388298511505,Right
0.5439517498016357,0.7673394680023193,6.803635415053577e-07,0.5309734344482422,0.6907899379730225,-0.02229936793446541,0.5453377366065979,0.6104843616485596,-0.03955285996198654,0.5618983507156372,0.5488862991333008,-0.0538739375770092,0.5751305222511292,0.4873974919319153,-0.07037707418203354,0.5915315747261047,0.6133735179901123,-0.06772618740797043,0.6310957074165344,0.5339351892471313,-0.09852324426174164,0.6581044793128967,0.48814845085144043,-0.11673938482999802,0.6849865317344666,0.4512307643890381,-0.1302584409713745,0.6061336398124695,0.6536542177200317,-0.07749494910240173,0.6606115102767944,0.6020222902297974,-0.10862789303064346,0.6979919075965881,0.568491518497467,-0.12742407619953156,0.7315825819969177,0.5424121618270874,-0.14177975058555603,0.6082770824432373,0.7065383195877075,-0.08722659200429916,0.6684175729751587,0.6951367855072021,-0.12569154798984528,0.708686113357544,0.683968186378479,-0.1482984721660614,0.7436103820800781,0.6751168370246887,-0.16386860609054565,0.5991915464401245,0.7651638388633728,-0.09659632295370102,0.6491163969039917,0.7979004979133606,-0.1385493129491806,0.6827455759048462,0.8185471296310425,-0.1567821502685547,0.7103461027145386,0.835483729839325,-0.16813795268535614,Right
0.5450717806816101,0.7638527154922485,6.985754339439154e-07,0.5310633182525635,0.6898369193077087,-0.026883818209171295,0.5465942621231079,0.6127002239227295,-0.04447173327207565,0.5655767321586609,0.5518103837966919,-0.0584646500647068,0.581058144569397,0.49245983362197876,-0.07429113984107971,0.6060014367103577,0.6111844182014465,-0.06124148145318031,0.6513197422027588,0.5355901718139648,-0.09034892171621323,0.6813303232192993,0.4898698031902313,-0.10758800804615021,0.7098180651664734,0.45301347970962524,-0.12035517394542694,0.6256240606307983,0.6543753743171692,-0.06915932893753052,0.6862015724182129,0.5963034629821777,-0.09857428073883057,0.7295585870742798,0.5622650980949402,-0.11840717494487762,0.7697274088859558,0.5371397137641907,-0.13235975801944733,0.6288490891456604,0.7100633382797241,-0.07797006517648697,0.6916286945343018,0.6891651153564453,-0.11611256748437881,0.7391855716705322,0.681560754776001,-0.1397753208875656,0.7826807498931885,0.6749386787414551,-0.15479505062103271,0.6204994916915894,0.7707347869873047,-0.08660844713449478,0.6640807390213013,0.7923903465270996,-0.12888430058956146,0.6971320509910583,0.8132293224334717,-0.14659090340137482,0.7257567048072815,0.8286629915237427,-0.1564096361398697,Right
0.558417022228241,0.7677484154701233,7.170341405071667e-07,0.5416790843009949,0.6923128962516785,-0.024768684059381485,0.5610158443450928,0.6125181317329407,-0.03891359642148018,0.58498615026474,0.5534133911132812,-0.04989249259233475,0.5993502140045166,0.5013089179992676,-0.06206485629081726,0.6334596872329712,0.6079018712043762,-0.04878615960478783,0.6828539967536926,0.5400921106338501,-0.073453389108181,0.717599093914032,0.5018361806869507,-0.08917971700429916,0.7492631673812866,0.47166121006011963,-0.10061247646808624,0.6556670069694519,0.6519948244094849,-0.05553135648369789,0.7226869463920593,0.6011560559272766,-0.07977847754955292,0.7715836763381958,0.5726349353790283,-0.0973067581653595,0.8137351870536804,0.5516681671142578,-0.10936808586120605,0.6598999500274658,0.7065722346305847,-0.06371409446001053,0.7297461628913879,0.6846990585327148,-0.09548592567443848,0.7804621458053589,0.6750884652137756,-0.11627447605133057,0.8251945972442627,0.6675236821174622,-0.1291305124759674,0.6514206528663635,0.7669240236282349,-0.07213855534791946,0.7094631791114807,0.7882901430130005,-0.10657542943954468,0.7468680739402771,0.8062244057655334,-0.12084564566612244,0.7778921723365784,0.8188533782958984,-0.12834341824054718,Right
0.5624176263809204,0.7722049355506897,6.421258831323939e-07,0.5469582080841064,0.6947093605995178,-0.022946203127503395,0.5682566165924072,0.6134493350982666,-0.036088209599256516,0.594580352306366,0.5539211630821228,-0.04708064720034599,0.6084904670715332,0.5013270378112793,-0.05936572700738907,0.6451829075813293,0.6034801602363586,-0.04277162253856659,0.6972560882568359,0.5411087870597839,-0.06606089323759079,0.7321679592132568,0.5048714280128479,-0.08112730085849762,0.7643365263938904,0.47696125507354736,-0.09244390577077866,0.6679264903068542,0.6500666737556458,-0.05019998177886009,0.7376582622528076,0.6049230694770813,-0.07291657477617264,0.7859549522399902,0.5787906050682068,-0.09013132005929947,0.8282476663589478,0.5589680671691895,-0.10235866159200668,0.6729612946510315,0.7057895660400391,-0.05936414375901222,0.7462098002433777,0.6846851110458374,-0.0896856039762497,0.7955007553100586,0.677730917930603,-0.11052142828702927,0.8396204710006714,0.6711050868034363,-0.12377419322729111,0.664950430393219,0.7670304775238037,-0.06891363859176636,0.7241220474243164,0.7919488549232483,-0.10264952480792999,0.7623366117477417,0.8094897270202637,-0.11847288906574249,0.7957637310028076,0.8208802342414856,-0.12726236879825592,Right
0.5670797228813171,0.7757406234741211,6.159544909678516e-07,0.5526658296585083,0.6965356469154358,-0.022361012175679207,0.5749828815460205,0.6155474781990051,-0.03465873375535011,0.6009085774421692,0.5557885766029358,-0.04503844678401947,0.6137067079544067,0.5037310719490051,-0.056457359343767166,0.6571760177612305,0.605767011642456,-0.03695472702383995,0.709257185459137,0.5458521246910095,-0.05842309072613716,0.7439572215080261,0.510810136795044,-0.07292917370796204,0.7752542495727539,0.4838639497756958,-0.0839797854423523,0.6811757683753967,0.6520673632621765,-0.043938152492046356,0.7507705092430115,0.6095713973045349,-0.06507983803749084,0.7989931702613831,0.5837411284446716,-0.08217030763626099,0.8404527902603149,0.5638697147369385,-0.09432410448789597,0.6870145201683044,0.7066716551780701,-0.05296054854989052,0.7586374282836914,0.6865721940994263,-0.08164841681718826,0.8076310157775879,0.6781885027885437,-0.10254158824682236,0.8511995673179626,0.6703563928604126,-0.11594653129577637,0.6790792346000671,0.7672237753868103,-0.06246781349182129,0.7382791638374329,0.7929162383079529,-0.09377552568912506,0.776811420917511,0.8093229532241821,-0.10911412537097931,0.8104429841041565,0.8198745846748352,-0.11785610020160675,Right
0.571013331413269,0.7772740721702576,5.860376290911518e-07,0.5568742752075195,0.6986742615699768,-0.022479040548205376,0.5805889964103699,0.6175886392593384,-0.034203916788101196,0.608527421951294,0.558069109916687,-0.04398438334465027,0.6208136081695557,0.5055094957351685,-0.05468866229057312,0.666317880153656,0.6083008646965027,-0.03376076743006706,0.7181118130683899,0.5505542159080505,-0.052885252982378006,0.7517068386077881,0.5155526399612427,-0.06599810719490051,0.7817856669425964,0.489395409822464,-0.07629065960645676,0.6910247802734375,0.6540846824645996,-0.03980277478694916,0.7604397535324097,0.6130531430244446,-0.05815817415714264,0.8087245225906372,0.5889967679977417,-0.07357455044984818,0.8501119017601013,0.5718623995780945,-0.08501221984624863,0.6976863145828247,0.7078480124473572,-0.048194270581007004,0.7696892619132996,0.6881518363952637,-0.07475322484970093,0.8178309202194214,0.6801616549491882,-0.09528002142906189,0.8606587648391724,0.6738170385360718,-0.10894187539815903,0.690054178237915,0.7673012018203735,-0.05718906968832016,0.7492324113845825,0.7941739559173584,-0.08716525882482529,0.7886828780174255,0.81111741065979,-0.10297944396734238,0.823703408241272,0.8228175640106201,-0.11244619637727737,Right
0.571042537689209,0.7765619158744812,5.616465159619111e-07,0.5575817823410034,0.6973747611045837,-0.021609479561448097,0.5805486440658569,0.6167446970939636,-0.033442460000514984,0.6070080995559692,0.5594555735588074,-0.04363762587308884,0.6197109222412109,0.5060392618179321,-0.05476725101470947,0.6664240956306458,0.6069254279136658,-0.03180024027824402,0.7182649374008179,0.550113320350647,-0.05079875513911247,0.7521033883094788,0.5153416395187378,-0.06444349139928818,0.7826764583587646,0.4886268973350525,-0.07535142451524734,0.6911684274673462,0.6534410119056702,-0.038733337074518204,0.759661078453064,0.6110173463821411,-0.05698364973068237,0.8073586225509644,0.5865572690963745,-0.0735202431678772,0.8487558960914612,0.5682687163352966,-0.08622445166110992,0.6981235146522522,0.7072902917861938,-0.04788818955421448,0.7682353854179382,0.68785560131073,-0.07438313215970993,0.8160894513130188,0.6801055073738098,-0.09465940296649933,0.8585231900215149,0.6718654632568359,-0.10852104425430298,0.6907016634941101,0.7667813301086426,-0.05761558935046196,0.7491584420204163,0.7931007146835327,-0.08731210231781006,0.7883762717247009,0.8109095692634583,-0.1021929457783699,0.8231094479560852,0.8223282098770142,-0.11131337285041809,Right
0.574392557144165,0.7785184383392334,5.647410716846935e-07,0.5615679621696472,0.6986914873123169,-0.02198663167655468,0.5871593952178955,0.6182568073272705,-0.03325070068240166,0.6152485609054565,0.5606094598770142,-0.04270269349217415,0.6281766295433044,0.5092880725860596,-0.053085122257471085,0.6738026142120361,0.6107105016708374,-0.03156893327832222,0.7259259223937988,0.5548734664916992,-0.04989016428589821,0.759802520275116,0.5213310122489929,-0.06275001168251038,0.7903351783752441,0.4964040517807007,-0.07298410683870316,0.6983478665351868,0.657929003238678,-0.037682000547647476,0.7674922943115234,0.6192091703414917,-0.05537690594792366,0.8152965903282166,0.5974881052970886,-0.07077211141586304,0.8562555313110352,0.58221435546875,-0.08239155262708664,0.7048719525337219,0.7122137546539307,-0.04619284346699715,0.7766468524932861,0.6940627694129944,-0.0724741518497467,0.8241575956344604,0.6872943639755249,-0.09285826236009598,0.8661370277404785,0.6815652847290039,-0.10649215430021286,0.6970365047454834,0.7713868021965027,-0.0552658811211586,0.7562153339385986,0.7978017330169678,-0.08510883897542953,0.7957712411880493,0.8158704042434692,-0.10068005323410034,0.8310584425926208,0.828321099281311,-0.11001916974782944,Right
0.5782346725463867,0.7782064080238342,5.674243652720179e-07,0.5665445327758789,0.6975955367088318,-0.02082960121333599,0.5921503901481628,0.6188198328018188,-0.03195049986243248,0.6197784543037415,0.5629750490188599,-0.041717953979969025,0.6339220404624939,0.5117397308349609,-0.05224922299385071,0.6811230182647705,0.6119301915168762,-0.02743825502693653,0.7329260110855103,0.5587397813796997,-0.04501896724104881,0.7666928768157959,0.5268698334693909,-0.05776243656873703,0.7967339754104614,0.5032361745834351,-0.06788166612386703,0.7057045698165894,0.6598701477050781,-0.03409562632441521,0.7761020660400391,0.623396635055542,-0.0506734736263752,0.8234008550643921,0.6019871234893799,-0.06573189795017242,0.8635765910148621,0.5860055088996887,-0.07713595032691956,0.7122714519500732,0.713828980922699,-0.04330986365675926,0.7836263179779053,0.6975564956665039,-0.06848466396331787,0.8307729959487915,0.6914381980895996,-0.08814550191164017,0.8720875978469849,0.6854159832000732,-0.10133146494626999,0.7040997743606567,0.7722972631454468,-0.053165603429079056,0.7623804211616516,0.7995641827583313,-0.08163323253393173,0.8016185760498047,0.8181813955307007,-0.09646450728178024,0.8366995453834534,0.8305949568748474,-0.10539782792329788,Right
0.5808687210083008,0.7818864583969116,5.208415814195178e-07,0.5698626637458801,0.7004953026771545,-0.019060708582401276,0.5959351062774658,0.6210415959358215,-0.02878415957093239,0.6243584156036377,0.5656048059463501,-0.03755100443959236,0.6386714577674866,0.5152575373649597,-0.04700305312871933,0.6872295141220093,0.6151672601699829,-0.022738724946975708,0.738473117351532,0.5619618892669678,-0.03865966573357582,0.7720223069190979,0.5301789045333862,-0.05073825642466545,0.8015978336334229,0.5071964859962463,-0.0605643168091774,0.7124456167221069,0.6624612212181091,-0.02972331829369068,0.7817659378051758,0.625397264957428,-0.04452173039317131,0.8279933333396912,0.6039503812789917,-0.05898955464363098,0.8672994375228882,0.5885549783706665,-0.0701882541179657,0.7197059392929077,0.7162384390830994,-0.03926418721675873,0.7913787961006165,0.7004978656768799,-0.06253788620233536,0.8375168442726135,0.6953197717666626,-0.08107644319534302,0.8777361512184143,0.6904523968696594,-0.09379950910806656,0.711607813835144,0.7745230793952942,-0.04950182884931564,0.7688740491867065,0.8016409277915955,-0.07637174427509308,0.8076422214508057,0.8200169205665588,-0.09041129052639008,0.8425642848014832,0.8325181007385254,-0.09897508472204208,Right
0.5828194618225098,0.7839497923851013,4.970622740074759e-07,0.573082685470581,0.7019433379173279,-0.018454639241099358,0.6004172563552856,0.6224018335342407,-0.027635175734758377,0.6288588047027588,0.566791296005249,-0.03596954420208931,0.6424934267997742,0.5164927244186401,-0.044998519122600555,0.6913479566574097,0.6173201203346252,-0.02086367830634117,0.7426321506500244,0.5658408403396606,-0.03628302738070488,0.7764217257499695,0.5349645614624023,-0.04809470474720001,0.8065011501312256,0.5129314064979553,-0.057918306440114975,0.7171538472175598,0.6646362543106079,-0.027946868911385536,0.7866306900978088,0.6289821863174438,-0.042192697525024414,0.8324665427207947,0.6084831357002258,-0.05636743828654289,0.8716532588005066,0.5937610268592834,-0.06758669018745422,0.724873960018158,0.7182815074920654,-0.03766079992055893,0.7972683310508728,0.7038687467575073,-0.0603264719247818,0.8431521654129028,0.6988123059272766,-0.07856135815382004,0.8829667568206787,0.6934885382652283,-0.09135930240154266,0.7168264985084534,0.7760466933250427,-0.04810765013098717,0.7736323475837708,0.8037307858467102,-0.0746096596121788,0.8123191595077515,0.8218060731887817,-0.08877573907375336,0.8474531173706055,0.8336482048034668,-0.0976654663681984,Right
0.5865680575370789,0.788560688495636,4.768397730003926e-07,0.5766860246658325,0.7060559391975403,-0.017713477835059166,0.6040000915527344,0.6251638531684875,-0.02668067254126072,0.6330222487449646,0.5681669116020203,-0.03499749302864075,0.6466840505599976,0.5176606774330139,-0.04404282942414284,0.6964514851570129,0.6200157403945923,-0.01905253529548645,0.7466473579406738,0.5694485306739807,-0.03413935378193855,0.7798606157302856,0.540148913860321,-0.045998647809028625,0.8096375465393066,0.5196682810783386,-0.05590967461466789,0.7223654985427856,0.6667482852935791,-0.026268692687153816,0.7913684844970703,0.6332343220710754,-0.03998479247093201,0.8365844488143921,0.6136213541030884,-0.0537208653986454,0.8755201697349548,0.5996626615524292,-0.0646907389163971,0.7301049828529358,0.7195501327514648,-0.0362209714949131,0.8022695779800415,0.7067063450813293,-0.05828644335269928,0.8474875092506409,0.7023012638092041,-0.07611341029405594,0.8868637681007385,0.6976052522659302,-0.08867678046226501,0.7219992280006409,0.7764434218406677,-0.04692937433719635,0.7783856987953186,0.8047782182693481,-0.07276356220245361,0.8168239593505859,0.8229235410690308,-0.08683042228221893,0.8519984483718872,0.8350280523300171,-0.09572529047727585,Right
0.5911401510238647,0.7904120087623596,4.789203558175359e-07,0.5813858509063721,0.7072466611862183,-0.01749507524073124,0.6090269684791565,0.6269579529762268,-0.026104247197508812,0.638264536857605,0.5700767040252686,-0.034185346215963364,0.6518924832344055,0.5190337896347046,-0.04274874925613403,0.7033872604370117,0.6216204166412354,-0.01657034270465374,0.7525313496589661,0.5708795785903931,-0.030633676797151566,0.7849932909011841,0.5432247519493103,-0.04191584140062332,0.8142021298408508,0.5248697996139526,-0.05141356587409973,0.729322612285614,0.6686930656433105,-0.02347242273390293,0.7974690198898315,0.6363151669502258,-0.03620689734816551,0.8419332504272461,0.6178532242774963,-0.04935614392161369,0.8798314332962036,0.6056315302848816,-0.059877362102270126,0.7372557520866394,0.7212506532669067,-0.03332488611340523,0.8075389266014099,0.7085646986961365,-0.054588716477155685,0.8515446186065674,0.7041770815849304,-0.07222810387611389,0.8898464441299438,0.7002290487289429,-0.08467288315296173,0.7292265295982361,0.777388334274292,-0.044039927423000336,0.7840051651000977,0.8066314458847046,-0.06940768659114838,0.8214070200920105,0.8246532082557678,-0.08384605497121811,0.8559514284133911,0.8367626667022705,-0.09301042556762695,Right
0.5948818922042847,0.7901564240455627,4.4407838117876963e-07,0.5853534936904907,0.7075538635253906,-0.01656302995979786,0.6135293245315552,0.6268143057823181,-0.024180514737963676,0.643596351146698,0.5706214308738708,-0.03143440932035446,0.6571979522705078,0.5205015540122986,-0.039227861911058426,0.7080181837081909,0.6245070099830627,-0.014950207434594631,0.756427526473999,0.5744408369064331,-0.028162885457277298,0.7882652878761292,0.5471291542053223,-0.03913145884871483,0.8172959089279175,0.5291292667388916,-0.0485815592110157,0.7340223789215088,0.6713906526565552,-0.021966924890875816,0.8012667298316956,0.6383848190307617,-0.033696919679641724,0.84522944688797,0.6210522651672363,-0.0462760366499424,0.8828486204147339,0.610560953617096,-0.05666423588991165,0.7417840957641602,0.7238679528236389,-0.031891725957393646,0.811771035194397,0.7114792466163635,-0.05210442095994949,0.8555600643157959,0.7080000638961792,-0.0688575729727745,0.8934811949729919,0.705018162727356,-0.08089420944452286,0.7335971593856812,0.7799283266067505,-0.0426931194961071,0.7889750003814697,0.8081696033477783,-0.06698337942361832,0.8269522786140442,0.8259596824645996,-0.08072073757648468,0.861885666847229,0.8380769491195679,-0.08959945291280746,Right
0.5974959135055542,0.7905761003494263,4.228527359373402e-07,0.5885394215583801,0.7080360651016235,-0.015490934252738953,0.6179107427597046,0.6271400451660156,-0.021794458851218224,0.648421585559845,0.5723576545715332,-0.02784261852502823,0.6617653369903564,0.5232323408126831,-0.03441774100065231,0.7127516865730286,0.6256455183029175,-0.01158957276493311,0.7612566351890564,0.5771952271461487,-0.023047860711812973,0.7927494049072266,0.5503126978874207,-0.033029790967702866,0.8210724592208862,0.5323421955108643,-0.04188404232263565,0.7382423877716064,0.6726310849189758,-0.018653852865099907,0.8049343824386597,0.6406518220901489,-0.028712423518300056,0.8481799364089966,0.6242871880531311,-0.04048021510243416,0.8850024938583374,0.6143314838409424,-0.05032100901007652,0.7457980513572693,0.7246989011764526,-0.028675509616732597,0.8146002888679504,0.7130220532417297,-0.04767141863703728,0.8584081530570984,0.7100638747215271,-0.0642605721950531,0.8964182138442993,0.7070313692092896,-0.07624398171901703,0.7378566265106201,0.7799021005630493,-0.03951575234532356,0.7925645709037781,0.807134211063385,-0.06272315979003906,0.8295963406562805,0.8261241912841797,-0.07593495398759842,0.8635665774345398,0.8391199111938477,-0.08452839404344559,Right
0.6005020141601562,0.7929892539978027,4.0546146351516654e-07,0.5920581817626953,0.7100616693496704,-0.014318116940557957,0.6217955350875854,0.6282560229301453,-0.019503358751535416,0.652250349521637,0.5728877782821655,-0.0246896930038929,0.6646766066551208,0.5243121385574341,-0.030308745801448822,0.7163731455802917,0.6278029680252075,-0.008738428354263306,0.7643324732780457,0.5796489119529724,-0.01903446950018406,0.795806884765625,0.5534710884094238,-0.02831457369029522,0.8238774538040161,0.536280632019043,-0.03673969581723213,0.7422323226928711,0.6741964817047119,-0.01580926589667797,0.8082286715507507,0.6423988938331604,-0.02489320933818817,0.8509296178817749,0.6266815662384033,-0.03596407175064087,0.8865009546279907,0.617924153804779,-0.04525509104132652,0.7503923773765564,0.726080060005188,-0.025865618139505386,0.8179859519004822,0.7143567800521851,-0.04381800815463066,0.8608289957046509,0.7121793031692505,-0.059802647680044174,0.8975687026977539,0.7102979421615601,-0.07135236263275146,0.7431191205978394,0.7809902429580688,-0.03676268085837364,0.7970276474952698,0.8080512285232544,-0.05904250591993332,0.8336791396141052,0.8267297744750977,-0.0721016526222229,0.8672260046005249,0.8400030732154846,-0.08063414692878723,Right
0.6027631759643555,0.793267548084259,3.990448362856114e-07,0.594491720199585,0.7111732959747314,-0.015107634477317333,0.6248588562011719,0.6292332410812378,-0.020255358889698982,0.6554774045944214,0.5742357969284058,-0.025319276377558708,0.6685481071472168,0.5254554748535156,-0.030753914266824722,0.7202456593513489,0.6295880675315857,-0.008168214932084084,0.7673578262329102,0.5822262763977051,-0.01827755942940712,0.798347532749176,0.5564223527908325,-0.027590259909629822,0.8262035250663757,0.5395867824554443,-0.036093007773160934,0.7456392645835876,0.6760324239730835,-0.014889637939631939,0.8110668063163757,0.644878089427948,-0.02397354692220688,0.8531558513641357,0.6300581097602844,-0.03516237810254097,0.8884915113449097,0.6221910715103149,-0.044488534331321716,0.7533171772956848,0.7274532318115234,-0.0247800350189209,0.8201944828033447,0.7162863612174988,-0.0428929403424263,0.8628664612770081,0.7148334383964539,-0.05903752148151398,0.8999072909355164,0.7134147882461548,-0.07062812149524689,0.745897650718689,0.7816935777664185,-0.03562011197209358,0.7993439435958862,0.8086349964141846,-0.05802956968545914,0.8355446457862854,0.8280115127563477,-0.07122307270765305,0.8690621852874756,0.8417870998382568,-0.0798368975520134,Right
0.6054900288581848,0.7935339212417603,3.9440948285118793e-07,0.5970718860626221,0.7120665907859802,-0.015377894043922424,0.6268789768218994,0.630294919013977,-0.020409388467669487,0.6572062373161316,0.5753809809684753,-0.025348929688334465,0.6700640320777893,0.5270448327064514,-0.03059964068233967,0.7218438982963562,0.6307979822158813,-0.007236777804791927,0.7684841752052307,0.5841115713119507,-0.01695169508457184,0.7995657920837402,0.5590577721595764,-0.026022836565971375,0.827211320400238,0.5428993701934814,-0.03438042476773262,0.7472902536392212,0.6771023869514465,-0.013575446791946888,0.812309980392456,0.6465259194374084,-0.022460531443357468,0.854312539100647,0.6323292255401611,-0.033421389758586884,0.8891384601593018,0.6251921653747559,-0.04252636060118675,0.7551796436309814,0.7279196977615356,-0.023217519745230675,0.8206750750541687,0.7171752452850342,-0.04099983721971512,0.8632707595825195,0.7160541415214539,-0.05705997720360756,0.9001367688179016,0.7149651050567627,-0.06858530640602112,0.7483444809913635,0.7812196016311646,-0.03389473259449005,0.800423264503479,0.8082308173179626,-0.05594870448112488,0.836309015750885,0.8274328708648682,-0.06925369054079056,0.8697378635406494,0.8413774967193604,-0.0780036449432373,Right
0.6070761680603027,0.7944120764732361,3.8865167084622954e-07,0.598716676235199,0.7121706604957581,-0.014625556766986847,0.6286190748214722,0.631102979183197,-0.019099123775959015,0.6586751937866211,0.5770496129989624,-0.02362336590886116,0.6716574430465698,0.5291915535926819,-0.02836628444492817,0.7236967086791992,0.6309025287628174,-0.005208314396440983,0.7692487835884094,0.5845893621444702,-0.014065937139093876,0.7995392084121704,0.5603163242340088,-0.02280951291322708,0.826518177986145,0.5447486042976379,-0.030998671427369118,0.7492083311080933,0.677173376083374,-0.011716388165950775,0.8132093548774719,0.6467285752296448,-0.019515886902809143,0.8545377254486084,0.6328033804893494,-0.030032677575945854,0.8889338970184326,0.6256667375564575,-0.03895413503050804,0.7569686770439148,0.7280155420303345,-0.021578164771199226,0.8220687508583069,0.7172556519508362,-0.03856503963470459,0.863640308380127,0.7162135243415833,-0.05441781133413315,0.8997833132743835,0.7147983312606812,-0.06592467427253723,0.7498555183410645,0.7813805341720581,-0.0324610210955143,0.8017368316650391,0.8081490397453308,-0.054103415459394455,0.8370230793952942,0.8278722763061523,-0.06732447445392609,0.8699721693992615,0.8422408103942871,-0.07605874538421631,Right
0.6086301207542419,0.7943751811981201,3.78516062937706e-07,0.5999624729156494,0.7125581502914429,-0.014424080960452557,0.6301193833351135,0.6310755014419556,-0.018404917791485786,0.6602648496627808,0.5772425532341003,-0.022392090409994125,0.6724847555160522,0.5302874445915222,-0.026610305532813072,0.7246882319450378,0.6321048736572266,-0.005055551417171955,0.7700303196907043,0.5858899354934692,-0.013513034209609032,0.8000566959381104,0.5614964365959167,-0.021860694512724876,0.8264415860176086,0.5455743670463562,-0.029756365343928337,0.750138521194458,0.6780734062194824,-0.011320723220705986,0.8140636086463928,0.6480512619018555,-0.01886768639087677,0.8550715446472168,0.634167492389679,-0.029032982885837555,0.8890509009361267,0.626971960067749,-0.03764689713716507,0.7580441832542419,0.7283016443252563,-0.020875858142971992,0.8231417536735535,0.7179610729217529,-0.037578925490379333,0.8643870949745178,0.7168757319450378,-0.05315911024808884,0.9002208709716797,0.7154052257537842,-0.0644480511546135,0.7512196898460388,0.7810802459716797,-0.031441859900951385,0.8030184507369995,0.8087470531463623,-0.05292291194200516,0.8382835984230042,0.8286780118942261,-0.06603452563285828,0.8711934089660645,0.8432598114013672,-0.07464983314275742,Right
0.6088671684265137,0.7942055463790894,3.7886152881583257e-07,0.6007125973701477,0.7128791213035583,-0.014195567928254604,0.6306955814361572,0.6317455172538757,-0.01794840395450592,0.6605502963066101,0.5781506299972534,-0.021845467388629913,0.6735677719116211,0.5316421985626221,-0.025885779410600662,0.7258002758026123,0.6331538558006287,-0.003289215499535203,0.7704364061355591,0.5869548320770264,-0.011157825589179993,0.800125777721405,0.5625903606414795,-0.01930410973727703,0.8262028694152832,0.5468627214431763,-0.02706611342728138,0.7510615587234497,0.6784394979476929,-0.009607348591089249,0.8145281672477722,0.6485328674316406,-0.01637384667992592,0.8552201390266418,0.6345800161361694,-0.026301154866814613,0.8887853622436523,0.6275466680526733,-0.034753650426864624,0.7588616609573364,0.7283118367195129,-0.019335458055138588,0.8233630657196045,0.7179884910583496,-0.03540913388133049,0.8643966913223267,0.7172980308532715,-0.05092008784413338,0.9000335335731506,0.7163321375846863,-0.06216960772871971,0.7518689632415771,0.7807455658912659,-0.030121250078082085,0.8028779029846191,0.8077934980392456,-0.05107193440198898,0.8377131819725037,0.8274886012077332,-0.06406114250421524,0.8702980279922485,0.8422890901565552,-0.07259643077850342,Right
0.6100039482116699,0.794409990310669,3.674711024359567e-07,0.6019613742828369,0.7124978303909302,-0.01357656717300415,0.6319369077682495,0.6317991614341736,-0.01689337007701397,0.6619407534599304,0.5781461596488953,-0.020463980734348297,0.6746505498886108,0.5313727259635925,-0.024222951382398605,0.7268222570419312,0.6328719854354858,-0.0021417841780930758,0.7711347937583923,0.5874087810516357,-0.009538381360471249,0.8005576729774475,0.5634198784828186,-0.017421772703528404,0.8263978958129883,0.5478943586349487,-0.025063225999474525,0.7523403167724609,0.677875280380249,-0.00855035986751318,0.8153296709060669,0.6482015252113342,-0.01500852219760418,0.8554743528366089,0.634238064289093,-0.024770310148596764,0.8884891271591187,0.6270595788955688,-0.03310433402657509,0.7602287530899048,0.7275158762931824,-0.01833745278418064,0.8245468735694885,0.7178698182106018,-0.0342370942234993,0.865265965461731,0.7175504565238953,-0.04976951330900192,0.9006465673446655,0.7167064547538757,-0.06103336811065674,0.753381073474884,0.7798945903778076,-0.0291074700653553,0.8042341470718384,0.8077157139778137,-0.04993988573551178,0.8387425541877747,0.8274103403091431,-0.06298328191041946,0.8711463212966919,0.8421370387077332,-0.07157385349273682,Right
0.6110725998878479,0.7946791052818298,3.6989948171139986e-07,0.6028783321380615,0.7131957411766052,-0.013919022865593433,0.6334880590438843,0.6316282749176025,-0.01719728857278824,0.664076566696167,0.5777816772460938,-0.020578525960445404,0.6764752268791199,0.5312319993972778,-0.024114716798067093,0.7282456159591675,0.6335574984550476,-0.0029762238264083862,0.7725933790206909,0.5878197550773621,-0.010538277216255665,0.8020864129066467,0.563799262046814,-0.01838819682598114,0.827640175819397,0.5484408736228943,-0.025923339650034904,0.753362774848938,0.6790133714675903,-0.009098746813833714,0.8167872428894043,0.6498444676399231,-0.01565319485962391,0.8573219180107117,0.6359682083129883,-0.02534116804599762,0.8903636932373047,0.6289674043655396,-0.0336008295416832,0.7611391544342041,0.728604257106781,-0.01858646422624588,0.8257480263710022,0.7195326685905457,-0.034501418471336365,0.8662546277046204,0.7189905643463135,-0.049987416714429855,0.9012022018432617,0.7181065678596497,-0.06117153540253639,0.7542097568511963,0.7804482579231262,-0.029080646112561226,0.8050158619880676,0.8085682392120361,-0.05007978901267052,0.8394952416419983,0.8282337784767151,-0.0632244274020195,0.8718067407608032,0.8429298996925354,-0.07180795073509216,Right
0.6125567555427551,0.7945401668548584,3.6464578556660854e-07,0.6047787070274353,0.7125698328018188,-0.013477746397256851,0.6351146101951599,0.6320953369140625,-0.01702789217233658,0.6653345823287964,0.5781282186508179,-0.020818982273340225,0.6775626540184021,0.5317699313163757,-0.024885475635528564,0.7292669415473938,0.6350335478782654,-0.003327968530356884,0.7735482454299927,0.5893269181251526,-0.011238157749176025,0.8030527830123901,0.565186083316803,-0.01942022703588009,0.8289803862571716,0.5496575236320496,-0.02721986547112465,0.7544026970863342,0.6799227595329285,-0.009782524779438972,0.8176284432411194,0.6509556770324707,-0.01669563166797161,0.8580721020698547,0.6372485160827637,-0.02672296017408371,0.8910290002822876,0.6306120753288269,-0.035294268280267715,0.7621796727180481,0.7291011214256287,-0.01948227547109127,0.8264498114585876,0.7207885980606079,-0.03529895842075348,0.8672167062759399,0.7199774980545044,-0.05075427517294884,0.9022210836410522,0.7190083861351013,-0.06206749379634857,0.7552510499954224,0.7809372544288635,-0.030157914385199547,0.8062260746955872,0.8095282316207886,-0.05052565410733223,0.8411068320274353,0.82887864112854,-0.0632849857211113,0.8736337423324585,0.843287467956543,-0.07179150730371475,Right
0.6142533421516418,0.7951453328132629,3.666974635052611e-07,0.605977475643158,0.7133373022079468,-0.013803559355437756,0.6362917423248291,0.6325505971908569,-0.01727079413831234,0.6665152907371521,0.5792977213859558,-0.02086542546749115,0.6792370080947876,0.5331255793571472,-0.024687422439455986,0.7305316925048828,0.6346845626831055,-0.0034649150911718607,0.7748715877532959,0.5894819498062134,-0.011062278412282467,0.8040897846221924,0.5656009912490845,-0.018872931599617004,0.8293074369430542,0.5499911904335022,-0.02635340392589569,0.755774736404419,0.6802238821983337,-0.00968986190855503,0.8189154863357544,0.6516531109809875,-0.016404258087277412,0.8590928316116333,0.6379618048667908,-0.026154344901442528,0.8916394710540771,0.6308072805404663,-0.03441985324025154,0.7635773420333862,0.7297841906547546,-0.019210662692785263,0.8279211521148682,0.7216284275054932,-0.035178713500499725,0.8686098456382751,0.7211388945579529,-0.05074852705001831,0.9035360813140869,0.7200345993041992,-0.061999060213565826,0.756629228591919,0.7816612720489502,-0.02968486398458481,0.8077490925788879,0.8103908896446228,-0.05053950846195221,0.8423117995262146,0.8303581476211548,-0.06354033946990967,0.8743875622749329,0.8450167179107666,-0.07205352187156677,Right
0.614976704120636,0.795254647731781,3.60551780431706e-07,0.6068511605262756,0.7134106755256653,-0.013725265860557556,0.6375243067741394,0.6329396367073059,-0.017009789124131203,0.668157696723938,0.5803012251853943,-0.02039101906120777,0.6804537773132324,0.5350284576416016,-0.024034231901168823,0.7308887243270874,0.6363378763198853,-0.0038434243761003017,0.7756108045578003,0.5914016962051392,-0.011620978824794292,0.8049377202987671,0.5675161480903625,-0.019582612439990044,0.8304765224456787,0.5520058870315552,-0.027210606262087822,0.7562566995620728,0.6817793250083923,-0.010072045959532261,0.8194285035133362,0.6528475880622864,-0.016908202320337296,0.8599573373794556,0.6392768025398254,-0.026640668511390686,0.8929389119148254,0.6327677965164185,-0.034983616322278976,0.7641834020614624,0.7315229773521423,-0.019554736092686653,0.8285171389579773,0.7232289910316467,-0.03529563546180725,0.8689744472503662,0.7228163480758667,-0.05040827766060829,0.9036757946014404,0.72208172082901,-0.061451032757759094,0.7573778629302979,0.7838747501373291,-0.030040543526411057,0.8086349964141846,0.8119196891784668,-0.05053551122546196,0.84344083070755,0.8312556743621826,-0.06321050971746445,0.875697135925293,0.8454889059066772,-0.0716002807021141,Right
0.6158653497695923,0.7950641512870789,3.644386765699892e-07,0.6075012683868408,0.7139602303504944,-0.013522546738386154,0.6379622220993042,0.6339768171310425,-0.01698516309261322,0.6688478589057922,0.5810753107070923,-0.02047242783010006,0.6806894540786743,0.5358244180679321,-0.02424785867333412,0.7315126061439514,0.6364319920539856,-0.004249173682183027,0.7762709259986877,0.5921936631202698,-0.01193185430020094,0.8058921694755554,0.5686843395233154,-0.01967327669262886,0.8315353393554688,0.553475022315979,-0.027140889316797256,0.7571505308151245,0.6818410158157349,-0.010374686680734158,0.8208848237991333,0.6538443565368652,-0.01725142076611519,0.8611342310905457,0.6406494975090027,-0.026752613484859467,0.893673837184906,0.6339139938354492,-0.03486049547791481,0.765415608882904,0.7314823269844055,-0.019654106348752975,0.8303403854370117,0.7233775854110718,-0.03563091531395912,0.870836615562439,0.7231888771057129,-0.05081314593553543,0.9051382541656494,0.7226186990737915,-0.061812352389097214,0.7588972449302673,0.783686637878418,-0.02983817271888256,0.8103311061859131,0.8126828074455261,-0.05053647980093956,0.845149040222168,0.832560122013092,-0.0634056031703949,0.8772092461585999,0.8471753001213074,-0.07188407331705093,Right
0.616442859172821,0.795062780380249,3.6162768424219394e-07,0.6080466508865356,0.7141551971435547,-0.013114829547703266,0.6389495730400085,0.6339266896247864,-0.01601123809814453,0.6698980331420898,0.5819048881530762,-0.019091155380010605,0.6822274327278137,0.5364972352981567,-0.02243850938975811,0.7338917255401611,0.6359337568283081,-0.0023013101890683174,0.7780631184577942,0.5916787385940552,-0.008964859880506992,0.8070506453514099,0.5682969689369202,-0.01620655320584774,0.8317927122116089,0.5528568625450134,-0.02345682866871357,0.7592670917510986,0.681854248046875,-0.00866331160068512,0.8224025964736938,0.6538017988204956,-0.014639911241829395,0.8622329235076904,0.6408635973930359,-0.023922692984342575,0.8942898511886597,0.6340116858482361,-0.03194422274827957,0.7669963836669922,0.7318568229675293,-0.018299007788300514,0.8315987586975098,0.7243034243583679,-0.03392553701996803,0.8718888163566589,0.7242944836616516,-0.04933575168251991,0.9063579440116882,0.7234640121459961,-0.060542650520801544,0.7598851919174194,0.7840765714645386,-0.028810061514377594,0.8110318183898926,0.8133891820907593,-0.049487531185150146,0.8458518981933594,0.8331663608551025,-0.06260126829147339,0.8783753514289856,0.8474346399307251,-0.07130292057991028,Right
0.617103099822998,0.7965551614761353,3.658449827526056e-07,0.6084486246109009,0.7148907780647278,-0.013809899799525738,0.6389341354370117,0.6346709728240967,-0.016983788460493088,0.6696576476097107,0.582902193069458,-0.02027621492743492,0.682156503200531,0.5377143025398254,-0.023804092779755592,0.7340503931045532,0.636718213558197,-0.002556763356551528,0.7782893776893616,0.5934042930603027,-0.009714828804135323,0.807405948638916,0.5703926086425781,-0.017419643700122833,0.8325634002685547,0.5551771521568298,-0.024962525814771652,0.7596930265426636,0.6822617650032043,-0.008690115064382553,0.8229990601539612,0.6540422439575195,-0.014894113875925541,0.8633229732513428,0.6410791873931885,-0.024292342364788055,0.8960632085800171,0.6346715688705444,-0.032392628490924835,0.7674659490585327,0.7321761846542358,-0.018211303278803825,0.8316850066184998,0.7243290543556213,-0.03397694602608681,0.8721885681152344,0.7252464294433594,-0.049273665994405746,0.9069675207138062,0.7256166338920593,-0.06037347391247749,0.7604018449783325,0.7845228314399719,-0.02874271385371685,0.8110206723213196,0.8133465051651001,-0.04965164512395859,0.8454236388206482,0.8338157534599304,-0.06274384260177612,0.8775219917297363,0.849132239818573,-0.07135280221700668,Right
0.6176181435585022,0.7959816455841064,3.5879486404155614e-07,0.6090143918991089,0.7147213220596313,-0.013405068777501583,0.6401389837265015,0.6338521838188171,-0.016402633860707283,0.6711632013320923,0.5817776322364807,-0.019459770992398262,0.6829564571380615,0.5370268821716309,-0.0228425282984972,0.7346530556678772,0.636410117149353,-0.003531333291903138,0.7790156602859497,0.5932551026344299,-0.01078781858086586,0.8081141710281372,0.5704131722450256,-0.018441274762153625,0.8331864476203918,0.5553745627403259,-0.025930261239409447,0.7599499225616455,0.6824572682380676,-0.009743648581206799,0.8233826756477356,0.6548423171043396,-0.016327891498804092,0.8635438084602356,0.6416888236999512,-0.026031972840428352,0.8961275219917297,0.6348289251327515,-0.03437409922480583,0.7676244974136353,0.7325904965400696,-0.019134173169732094,0.8321846127510071,0.7249575257301331,-0.035191744565963745,0.8725753426551819,0.725094199180603,-0.050811924040317535,0.9070955514907837,0.7246119976043701,-0.0621323324739933,0.7603969573974609,0.7848719954490662,-0.029395364224910736,0.8116354942321777,0.8139680624008179,-0.050287384539842606,0.8461575508117676,0.8343805074691772,-0.0633535087108612,0.8780763745307922,0.8494065999984741,-0.07200411707162857,Right
0.6178722381591797,0.7952122688293457,3.564803705558006e-07,0.6092846393585205,0.7143333554267883,-0.014048105105757713,0.6398857831954956,0.6349170207977295,-0.017776284366846085,0.6704745292663574,0.5832444429397583,-0.02147584967315197,0.6826602816581726,0.5380358695983887,-0.025480477139353752,0.7344257831573486,0.6360625624656677,-0.00446702353656292,0.7787653207778931,0.5928072929382324,-0.012292777188122272,0.8077774047851562,0.5700184106826782,-0.020450858399271965,0.8331548571586609,0.554815411567688,-0.0283462256193161,0.760030210018158,0.6824507713317871,-0.010608565993607044,0.8229255080223083,0.6541320085525513,-0.017705321311950684,0.862721860408783,0.6408427357673645,-0.027898641303181648,0.8953889012336731,0.6337113380432129,-0.03664182871580124,0.7678266167640686,0.732869565486908,-0.01993587426841259,0.8321186900138855,0.7244724035263062,-0.03638124838471413,0.8723816275596619,0.7246754169464111,-0.05209573730826378,0.9070577621459961,0.7242651581764221,-0.06352508068084717,0.7606311440467834,0.785464346408844,-0.030173838138580322,0.8112936615943909,0.8135064244270325,-0.0514134056866169,0.8454166054725647,0.8337024450302124,-0.064483143389225,0.8771704435348511,0.8485007286071777,-0.07312178611755371,Right
0.6184337139129639,0.795902669429779,3.658959712993237e-07,0.609637975692749,0.7147785425186157,-0.014098843559622765,0.6393603682518005,0.6345000267028809,-0.01784563809633255,0.670035719871521,0.5829646587371826,-0.02151106297969818,0.6831851601600647,0.5378952026367188,-0.02539088763296604,0.73467618227005,0.635841429233551,-0.004544966388493776,0.7793731093406677,0.5923790335655212,-0.012197213247418404,0.8085463643074036,0.5694581866264343,-0.020168732851743698,0.8338496088981628,0.5542640089988708,-0.027906229719519615,0.7605170607566833,0.6819663047790527,-0.010481227189302444,0.8237139582633972,0.6538676023483276,-0.017326727509498596,0.8636812567710876,0.6408710479736328,-0.027254629880189896,0.8961291313171387,0.6341180205345154,-0.035801202058792114,0.7686145901679993,0.7323163151741028,-0.019621919840574265,0.8329110741615295,0.7242022156715393,-0.035711269825696945,0.8728766441345215,0.7248623371124268,-0.05120508000254631,0.9070053100585938,0.7249004244804382,-0.06249929592013359,0.7617814540863037,0.7849646210670471,-0.02970939688384533,0.812446653842926,0.8138808012008667,-0.05059502646327019,0.8466910719871521,0.8340240716934204,-0.06370401382446289,0.8784838914871216,0.8487908840179443,-0.07239348441362381,Right
0.6186050176620483,0.7959629893302917,3.608988947689795e-07,0.6098500490188599,0.7151833176612854,-0.013980187475681305,0.6397203207015991,0.6349111199378967,-0.017896298319101334,0.6704362630844116,0.5829769372940063,-0.021836915984749794,0.6830945014953613,0.5377207398414612,-0.026067299768328667,0.7346553802490234,0.6363887190818787,-0.0048790061846375465,0.7790452837944031,0.5928038358688354,-0.012988938018679619,0.8081261515617371,0.5697596669197083,-0.021312877535820007,0.8333437442779541,0.5545399785041809,-0.029192840680480003,0.7602435350418091,0.6823191046714783,-0.010998804122209549,0.8236255049705505,0.6543729901313782,-0.018067309632897377,0.863771378993988,0.6414586901664734,-0.02811814658343792,0.8964009881019592,0.634893536567688,-0.03674481436610222,0.7683268785476685,0.7324752807617188,-0.02028500661253929,0.8329229354858398,0.7242794036865234,-0.03643752634525299,0.8731261491775513,0.7248575091362,-0.05182097479701042,0.9071500301361084,0.7249940037727356,-0.0630221739411354,0.7614925503730774,0.7850066423416138,-0.03052469715476036,0.8126773238182068,0.8135225772857666,-0.0513148233294487,0.846958577632904,0.8338606953620911,-0.06410861015319824,0.8783614635467529,0.8489781022071838,-0.07254161685705185,Right
0.6189337968826294,0.796281635761261,3.5427996181169874e-07,0.6105116009712219,0.7142819166183472,-0.012465694919228554,0.6407567858695984,0.6341944336891174,-0.015330667607486248,0.6708716154098511,0.5826852321624756,-0.018448062241077423,0.6829988956451416,0.5382359027862549,-0.02192116715013981,0.7353025078773499,0.6364532709121704,-0.0025891142431646585,0.7792136073112488,0.5931890606880188,-0.00978805311024189,0.8080522418022156,0.570429801940918,-0.01749495230615139,0.8328844904899597,0.5553690195083618,-0.024997584521770477,0.7609719038009644,0.6823741793632507,-0.00925456453114748,0.8241215944290161,0.6539825201034546,-0.01565696857869625,0.8639640808105469,0.6409322023391724,-0.02524568699300289,0.896207332611084,0.6340978741645813,-0.033492423593997955,0.7690272331237793,0.7325595617294312,-0.019055943936109543,0.8335613012313843,0.7243963479995728,-0.03471550717949867,0.8737960457801819,0.7242478132247925,-0.05001790449023247,0.907960832118988,0.7234662771224976,-0.06117958202958107,0.7620968222618103,0.7851871252059937,-0.029669709503650665,0.8134333491325378,0.8136670589447021,-0.05004896968603134,0.8479397296905518,0.8335333466529846,-0.06274274736642838,0.8796966075897217,0.8480802774429321,-0.0711839348077774,Right
0.6192487478256226,0.7935661673545837,3.5566583278523467e-07,0.6112282276153564,0.7123792767524719,-0.012957459315657616,0.641467809677124,0.6333651542663574,-0.016328807920217514,0.6715806722640991,0.5825464129447937,-0.01991776004433632,0.68385249376297,0.5381752252578735,-0.023902373388409615,0.7358614802360535,0.635295569896698,-0.0036861239932477474,0.7797772288322449,0.59246826171875,-0.011562746949493885,0.8086035847663879,0.5699227452278137,-0.019803622737526894,0.8336107134819031,0.5548756122589111,-0.027600282803177834,0.7613549828529358,0.6814593076705933,-0.010299238376319408,0.8244409561157227,0.6534214615821838,-0.017341727390885353,0.8644514083862305,0.6408120393753052,-0.027494359761476517,0.8969760537147522,0.6344445943832397,-0.03609824180603027,0.7691534161567688,0.7317448258399963,-0.020012130960822105,0.8333784937858582,0.7242003083229065,-0.03630334883928299,0.8737653493881226,0.7252346873283386,-0.05199403315782547,0.9081192016601562,0.7254980206489563,-0.06328101456165314,0.7618581056594849,0.7842024564743042,-0.030539829283952713,0.813119113445282,0.8128407597541809,-0.051392849534749985,0.8474041223526001,0.8333712816238403,-0.06420072913169861,0.8788037896156311,0.848580539226532,-0.07260365784168243,Right
0.6193702220916748,0.7945619225502014,3.564030350844405e-07,0.6108559966087341,0.713651716709137,-0.01391198206692934,0.6404322981834412,0.6338239908218384,-0.01779141277074814,0.670924961566925,0.5830693244934082,-0.021679122000932693,0.6843658089637756,0.5381975173950195,-0.025853408500552177,0.7352671027183533,0.6353411078453064,-0.004650305490940809,0.7798022627830505,0.5921886563301086,-0.012761580757796764,0.8089239001274109,0.5691605806350708,-0.021194446831941605,0.8341363668441772,0.5536385178565979,-0.029180854558944702,0.7610952854156494,0.6816167831420898,-0.010839035734534264,0.8241825699806213,0.6537415981292725,-0.01801825501024723,0.8641130924224854,0.6410854458808899,-0.02829589694738388,0.8965985774993896,0.6346276998519897,-0.037042286247015,0.7691306471824646,0.7321242690086365,-0.02018001675605774,0.833575427532196,0.7239510416984558,-0.03631320595741272,0.8737812042236328,0.724759578704834,-0.05172943323850632,0.9081042408943176,0.7250024080276489,-0.06295157223939896,0.762262225151062,0.7849987745285034,-0.030452175065875053,0.8127844929695129,0.8130188584327698,-0.05116651579737663,0.8468618988990784,0.833000898361206,-0.06381961703300476,0.8783155679702759,0.8479207754135132,-0.07214590162038803,Right
0.6189079284667969,0.7934199571609497,3.570124249563378e-07,0.6109464764595032,0.7127096056938171,-0.013378157280385494,0.6409045457839966,0.6336679458618164,-0.01712031476199627,0.6709420680999756,0.5827566385269165,-0.021026408299803734,0.6848427653312683,0.5378145575523376,-0.02530156634747982,0.7353531122207642,0.6357265710830688,-0.004263398703187704,0.7795979380607605,0.5921801328659058,-0.012343588285148144,0.8087349534034729,0.5687362551689148,-0.020694537088274956,0.8340356945991516,0.5528680086135864,-0.028643805533647537,0.7608627080917358,0.6813531517982483,-0.010892066173255444,0.8240323066711426,0.6531171202659607,-0.018051235005259514,0.8639916777610779,0.6399021148681641,-0.028338583186268806,0.896536648273468,0.6327905654907227,-0.0371103473007679,0.768727719783783,0.7315070629119873,-0.020640632137656212,0.8337355256080627,0.7231592535972595,-0.03699945658445358,0.8742554187774658,0.7232381701469421,-0.052710048854351044,0.9089698791503906,0.7226279377937317,-0.06414254009723663,0.7614766955375671,0.7840895652770996,-0.031246477738022804,0.8129887580871582,0.8127121925354004,-0.05229717865586281,0.8475614190101624,0.8330860733985901,-0.06520699709653854,0.8793832063674927,0.8480806350708008,-0.07372460514307022,Right
0.6196240782737732,0.7914963364601135,3.6301699424257095e-07,0.6111557483673096,0.7116926312446594,-0.01396853942424059,0.6406867504119873,0.6330539584159851,-0.018074478954076767,0.671040415763855,0.5821813344955444,-0.02221374772489071,0.6842901110649109,0.5369244813919067,-0.026703663170337677,0.7349533438682556,0.6347154378890991,-0.005142312962561846,0.7793993353843689,0.5915018320083618,-0.013417107984423637,0.8085461854934692,0.5683800578117371,-0.021873200312256813,0.8340449929237366,0.5529183149337769,-0.02989095076918602,0.7605248093605042,0.6801666617393494,-0.011420446448028088,0.8239837884902954,0.652042806148529,-0.01863442175090313,0.8641866445541382,0.6390666365623474,-0.028919734060764313,0.8970409035682678,0.6324498057365417,-0.037758082151412964,0.7684938907623291,0.7302942276000977,-0.02080799825489521,0.8332443237304688,0.722589373588562,-0.03702264651656151,0.8738731145858765,0.7228017449378967,-0.0525563545525074,0.9086394309997559,0.7224469184875488,-0.06394874304533005,0.761535108089447,0.7830449938774109,-0.031110448762774467,0.8125032186508179,0.811522364616394,-0.05181194096803665,0.8468786478042603,0.8317200541496277,-0.06443119794130325,0.8784639835357666,0.8465996980667114,-0.0728229284286499,Right
0.6201497912406921,0.7921181917190552,3.6225793564881315e-07,0.6109503507614136,0.7112413048744202,-0.014345313422381878,0.640022873878479,0.6323984265327454,-0.018616922199726105,0.6704179644584656,0.5811187028884888,-0.022850653156638145,0.6836444139480591,0.5358801484107971,-0.02737714909017086,0.7337959408760071,0.633918285369873,-0.005320284515619278,0.7781850099563599,0.5905706882476807,-0.013706873171031475,0.8073751926422119,0.5675424933433533,-0.02223675698041916,0.8327828049659729,0.5521242618560791,-0.030300695449113846,0.7602003812789917,0.679714024066925,-0.011339489370584488,0.823634147644043,0.6514438986778259,-0.018768073990941048,0.8635720610618591,0.6387632489204407,-0.029179152101278305,0.8959057927131653,0.6325405240058899,-0.03798326849937439,0.7688716650009155,0.7299904227256775,-0.02046443149447441,0.8337578773498535,0.7216530442237854,-0.03684774041175842,0.874248743057251,0.7223396897315979,-0.052401456981897354,0.9086284041404724,0.7228227853775024,-0.06367480754852295,0.7624817490577698,0.7829673886299133,-0.030532531440258026,0.8129810690879822,0.811529815196991,-0.051477961242198944,0.8470814228057861,0.8314756751060486,-0.06424219906330109,0.8783061504364014,0.8463918566703796,-0.07260269671678543,Right
0.6197093725204468,0.7905787229537964,3.587157380025019e-07,0.6108497381210327,0.7100597620010376,-0.013137558475136757,0.6405096054077148,0.6313206553459167,-0.016921356320381165,0.6713030934333801,0.5802705883979797,-0.020807426422834396,0.6844266057014465,0.5352822542190552,-0.02507660537958145,0.7347104549407959,0.6333388686180115,-0.004999654367566109,0.7791121602058411,0.5899630784988403,-0.01300152949988842,0.8082128763198853,0.5670273303985596,-0.021136540919542313,0.8335782289505005,0.5519765019416809,-0.028912251815199852,0.7604678273200989,0.6788935661315918,-0.011545464396476746,0.8237268924713135,0.6502912044525146,-0.018687548115849495,0.8636573553085327,0.637079656124115,-0.028949152678251266,0.8959811925888062,0.6302576661109924,-0.03772492706775665,0.7687764763832092,0.7289094924926758,-0.021047107875347137,0.8335809111595154,0.7209520936012268,-0.037332501262426376,0.8740648031234741,0.7209183573722839,-0.05308591201901436,0.9082807302474976,0.7204541563987732,-0.0645599439740181,0.7620862722396851,0.781501829624176,-0.031330835074186325,0.8137180805206299,0.810459554195404,-0.05222216993570328,0.8481892347335815,0.8307791948318481,-0.06511635333299637,0.8794606924057007,0.8457825779914856,-0.07363351434469223,Right
0.6198474168777466,0.7909371852874756,3.672621744499338e-07,0.6110965609550476,0.7104645371437073,-0.014358781278133392,0.6400426030158997,0.631597101688385,-0.018928634002804756,0.6704452633857727,0.5804465413093567,-0.02344648167490959,0.6845491528511047,0.5350335836410522,-0.028244053944945335,0.7335734367370605,0.6326892375946045,-0.006192068103700876,0.7781741619110107,0.5888336300849915,-0.01497665699571371,0.8076609969139099,0.565386176109314,-0.023649470880627632,0.8333503603935242,0.5496634244918823,-0.03172396495938301,0.7598190903663635,0.6780436635017395,-0.012287134304642677,0.8232187628746033,0.6495599746704102,-0.020092125982046127,0.8635103106498718,0.6365530490875244,-0.03076079487800598,0.896202564239502,0.6300329566001892,-0.039742618799209595,0.7683003544807434,0.7280482649803162,-0.021413752809166908,0.832671582698822,0.7201448082923889,-0.037962086498737335,0.8733593821525574,0.7208508849143982,-0.05357252061367035,0.9079003930091858,0.7211982011795044,-0.06485418975353241,0.7617736458778381,0.7807779312133789,-0.031455330550670624,0.8128236532211304,0.8092682957649231,-0.05220641940832138,0.8473183512687683,0.8295283913612366,-0.06474094092845917,0.8787102103233337,0.8447228074073792,-0.07293913513422012,Right
0.6199585199356079,0.7912298440933228,3.597953366352158e-07,0.6108431220054626,0.7103192210197449,-0.01355813443660736,0.6404051184654236,0.6309671998023987,-0.017264002934098244,0.6707574129104614,0.580242931842804,-0.021004602313041687,0.6837302446365356,0.535746693611145,-0.02506917342543602,0.7344055771827698,0.632190465927124,-0.004815448075532913,0.7785349488258362,0.588918149471283,-0.012830178253352642,0.807641863822937,0.5659187436103821,-0.021009819582104683,0.8327779769897461,0.5507423877716064,-0.02874874509871006,0.7603123784065247,0.6778099536895752,-0.011093313805758953,0.8234233856201172,0.6493480801582336,-0.018207980319857597,0.8634657859802246,0.6360284686088562,-0.028369586914777756,0.8959412574768066,0.6290816068649292,-0.03697364777326584,0.7686456441879272,0.7276991009712219,-0.020414680242538452,0.833304762840271,0.719504177570343,-0.03678362816572189,0.8737900853157043,0.7201863527297974,-0.05241071805357933,0.9080008268356323,0.7206241488456726,-0.0636674016714096,0.7619070410728455,0.7800429463386536,-0.030578695237636566,0.8128046989440918,0.8088517189025879,-0.051749423146247864,0.846778929233551,0.829545259475708,-0.06462109833955765,0.877505898475647,0.8450892567634583,-0.07297205924987793,Right
0.6194505095481873,0.7915199995040894,3.5532787023839774e-07,0.610934853553772,0.7099692821502686,-0.013232866302132607,0.6408427953720093,0.6314013004302979,-0.016778627410531044,0.6711503863334656,0.5803807377815247,-0.020531615242362022,0.684363603591919,0.5353849530220032,-0.024650217965245247,0.7350345849990845,0.6328125596046448,-0.0033758841454982758,0.7786186933517456,0.5897411704063416,-0.011175286024808884,0.8074982762336731,0.5668187737464905,-0.01948407106101513,0.8326122760772705,0.5516880750656128,-0.02740490436553955,0.7610280513763428,0.6782370805740356,-0.010034061968326569,0.82365483045578,0.6493582129478455,-0.01691525988280773,0.8635467290878296,0.6359687447547913,-0.02718091942369938,0.8960299491882324,0.629070520401001,-0.035919614136219025,0.7691465020179749,0.7282906174659729,-0.01982763409614563,0.8341168165206909,0.7199378609657288,-0.03622857481241226,0.8746310472488403,0.7206940650939941,-0.05194155126810074,0.9090709686279297,0.7209657430648804,-0.06326505541801453,0.7619150876998901,0.7810038328170776,-0.03045097552239895,0.813561201095581,0.8092213273048401,-0.051659855991601944,0.847821831703186,0.829856276512146,-0.06442178785800934,0.8789141178131104,0.8452025651931763,-0.07271171361207962,Right
0.6201415657997131,0.7906137108802795,3.526226919348119e-07,0.6117113828659058,0.7101893424987793,-0.01311388798058033,0.6414323449134827,0.6310425996780396,-0.01653975434601307,0.6718065738677979,0.5799335241317749,-0.02009054645895958,0.6845425963401794,0.5354500412940979,-0.02407415769994259,0.7350701093673706,0.6331883668899536,-0.004288507159799337,0.7788835763931274,0.5895909070968628,-0.012379344552755356,0.8079409599304199,0.5664106607437134,-0.02064143307507038,0.8333364725112915,0.5511678457260132,-0.028449196368455887,0.7610169053077698,0.6781454682350159,-0.010726998560130596,0.824251651763916,0.649678111076355,-0.01797543093562126,0.8642218112945557,0.6362281441688538,-0.028301574289798737,0.8967481851577759,0.6293995976448059,-0.03701057285070419,0.7692230939865112,0.7275438904762268,-0.020167453214526176,0.8337979316711426,0.7200069427490234,-0.036523424088954926,0.8744314312934875,0.7204902768135071,-0.05219503492116928,0.9089202880859375,0.720801055431366,-0.06349258124828339,0.7622333765029907,0.7795448899269104,-0.030409712344408035,0.8131645917892456,0.8080664277076721,-0.051369525492191315,0.8473589420318604,0.8286395072937012,-0.06408914923667908,0.8785058856010437,0.8441852927207947,-0.07236706465482712,Right
0.6208083629608154,0.7909958362579346,3.549077121078881e-07,0.6115741729736328,0.7105145454406738,-0.013430890627205372,0.6417420506477356,0.6307217478752136,-0.016803130507469177,0.6726004481315613,0.5794010162353516,-0.02022639289498329,0.6846985816955566,0.534848153591156,-0.023989161476492882,0.7358582615852356,0.6324986815452576,-0.0041837855242192745,0.7797425389289856,0.5887430310249329,-0.011810878291726112,0.808729350566864,0.5655957460403442,-0.019650453701615334,0.8336664438247681,0.5505008697509766,-0.02718849666416645,0.7616363763809204,0.6779912710189819,-0.01042930968105793,0.824585497379303,0.6490550637245178,-0.01732824184000492,0.8645198941230774,0.6356068849563599,-0.0270485021173954,0.8968623280525208,0.6287370324134827,-0.03529922664165497,0.7698471546173096,0.7278210520744324,-0.01979733444750309,0.8344483971595764,0.7195967435836792,-0.03602512925863266,0.8750901222229004,0.7198845744132996,-0.05147381126880646,0.9095684885978699,0.7201134562492371,-0.06260237097740173,0.7630409002304077,0.7800048589706421,-0.030027078464627266,0.813907265663147,0.808437705039978,-0.05106152966618538,0.8483115434646606,0.8287950754165649,-0.06398903578519821,0.8797754645347595,0.8441169857978821,-0.07245012372732162,Right
0.6208749413490295,0.791266679763794,3.5029970035793667e-07,0.6119496822357178,0.7109841108322144,-0.013380845077335835,0.6418716907501221,0.6314340829849243,-0.016820766031742096,0.6726161241531372,0.5798256397247314,-0.020332539454102516,0.6852373480796814,0.5351560115814209,-0.02422059141099453,0.735501229763031,0.6331959366798401,-0.004531857091933489,0.7796813249588013,0.5894455909729004,-0.012449443340301514,0.8085270524024963,0.5661237239837646,-0.020527906715869904,0.8335534930229187,0.55057293176651,-0.028236186131834984,0.7616004943847656,0.678644061088562,-0.010824907571077347,0.8246083855628967,0.6499703526496887,-0.017946742475032806,0.8643941879272461,0.6363518238067627,-0.028035728260874748,0.8966620564460754,0.6291522979736328,-0.036611516028642654,0.7700489163398743,0.7285575270652771,-0.02015790529549122,0.8343269228935242,0.720518946647644,-0.036376092582941055,0.8745651245117188,0.7208626866340637,-0.05181761458516121,0.908596396446228,0.7208242416381836,-0.06299830973148346,0.7632590532302856,0.7807183861732483,-0.030355436727404594,0.8140547871589661,0.8091162443161011,-0.05136663094162941,0.8480841517448425,0.8295614719390869,-0.0641278550028801,0.879051923751831,0.8449875116348267,-0.07242880761623383,Right
0.6212338209152222,0.7902257442474365,3.542746753737447e-07,0.612832248210907,0.7104650735855103,-0.013638971373438835,0.6424990296363831,0.6313280463218689,-0.0174116138368845,0.6728395223617554,0.5801494121551514,-0.02126498892903328,0.6858351230621338,0.5354110598564148,-0.025480637326836586,0.7360555529594421,0.6333256363868713,-0.004739193245768547,0.780283510684967,0.5895877480506897,-0.012947219423949718,0.8093377947807312,0.5662737488746643,-0.021302655339241028,0.8344278931617737,0.5507707595825195,-0.02917083539068699,0.7617132067680359,0.6784372329711914,-0.011049209162592888,0.8247692584991455,0.6494384407997131,-0.018300097435712814,0.8646993637084961,0.6359579563140869,-0.028506677597761154,0.8971015214920044,0.6288810968399048,-0.037169940769672394,0.7700449228286743,0.7281511425971985,-0.02045355923473835,0.8346714377403259,0.7198037505149841,-0.03664615377783775,0.8752334117889404,0.7199876308441162,-0.05214644595980644,0.9097687005996704,0.7198891639709473,-0.06342007219791412,0.7634082436561584,0.7803027033805847,-0.030756423249840736,0.8140928149223328,0.8083184957504272,-0.05152786150574684,0.8482733368873596,0.8282434344291687,-0.0642026960849762,0.8795818090438843,0.8431946635246277,-0.07253745198249817,Right
0.6215110421180725,0.7907415628433228,3.489567745873501e-07,0.6123622059822083,0.7103331089019775,-0.013535597361624241,0.6422519087791443,0.6308802962303162,-0.017087889835238457,0.672839879989624,0.5791576504707336,-0.0207712072879076,0.6859282851219177,0.5344494581222534,-0.024845702573657036,0.7353648543357849,0.6335373520851135,-0.00447986600920558,0.7795012593269348,0.5896599292755127,-0.012696498073637486,0.8085976839065552,0.566217303276062,-0.021103426814079285,0.834088146686554,0.5504060983657837,-0.029098443686962128,0.7612670063972473,0.6783941388130188,-0.01090045366436243,0.8240958452224731,0.6491414904594421,-0.018314296379685402,0.8640444874763489,0.6353179812431335,-0.028729526326060295,0.8966861367225647,0.6278889775276184,-0.03758738562464714,0.7697130441665649,0.7277869582176208,-0.02039831317961216,0.8340513110160828,0.7199812531471252,-0.03682814911007881,0.8747847080230713,0.7199472188949585,-0.05243659019470215,0.9095577001571655,0.7193621397018433,-0.06378313153982162,0.763266384601593,0.7799196243286133,-0.03077555261552334,0.8141963481903076,0.8081599473953247,-0.05166758596897125,0.8485086560249329,0.8283841013908386,-0.06426452845335007,0.8797637224197388,0.8434053659439087,-0.07258331775665283,Right
